0.0015176 16.74 551.42 0.35666 0.66034 1.6877 9.5168
0.0015176 16.786 548.29 0.3568 0.65975 1.6881 9.535
0.0015176 16.787 548.24 0.35671 0.65957 1.6882 9.535
0.0015176 16.788 548.24 0.35679 0.65972 1.6882 9.5355
0.0015176 16.788 548.26 0.35679 0.65971 1.6882 9.5354
0.0015176 16.788 548.27 0.35679 0.65972 1.6882 9.5355
0.0015176 16.788 548.28 0.35679 0.65973 1.6882 9.5354
0.0015176 16.788 548.29 0.3568 0.65975 1.6882 9.5352
0.0015176 16.788 548.3 0.35677 0.65969 1.6882 9.5352
0.0015176 16.788 548.3 0.35679 0.65973 1.6882 9.5352
0.0015176 16.788 548.3 0.35679 0.65973 1.6882 9.5352
0.0015176 16.788 548.3 0.35679 0.65973 1.6882 9.5352
0.0015176 16.788 548.3 0.3568 0.65975 1.6882 9.5352
0.0015176 16.788 548.31 0.35679 0.65973 1.6882 9.5352
0.0015176 16.789 548.14 0.35672 0.65955 1.6882 9.536
0.0015176 16.79 548.11 0.35673 0.65955 1.6882 9.5363
0.0015176 16.79 548.11 0.35674 0.65956 1.6882 9.5362
0.0015176 16.79 548.12 0.35673 0.65955 1.6882 9.5362
0.0015176 16.79 548.12 0.35673 0.65955 1.6882 9.5362
0.0015176 16.79 548.12 0.35673 0.65956 1.6882 9.5361
0.0015176 16.79 548.13 0.35673 0.65956 1.6882 9.5361
0.0015176 16.79 548.13 0.35673 0.65956 1.6882 9.5361
0.0015176 16.79 548.13 0.35673 0.65956 1.6882 9.5361
0.0015176 16.79 548.13 0.35673 0.65956 1.6882 9.5361
0.0015176 16.79 548.14 0.35673 0.65956 1.6882 9.5361
0.0015176 16.79 548.15 0.35672 0.65955 1.6882 9.536
0.0015176 16.791 548.1 0.35674 0.65957 1.6883 9.5363
0.0015176 16.793 548.03 0.35674 0.65952 1.6882 9.537
0.0015176 16.796 547.5 0.35654 0.65904 1.6883 9.5382
0.0015176 16.797 547.62 0.35655 0.65905 1.6883 9.5389
0.0015176 16.797 547.62 0.35655 0.65905 1.6883 9.5389
0.0015176 16.834 545.1 0.35664 0.65854 1.6886 9.5534
0.0015176 16.849 544.06 0.3567 0.65838 1.6888 9.5595
0.0015176 16.868 542.85 0.35711 0.65887 1.6889 9.5669
0.0015176 16.873 542.48 0.35706 0.65867 1.6889 9.569
0.0015176 16.917 539.61 0.3572 0.65813 1.6893 9.5859
0.0015177 16.583 562.78 0.35557 0.66112 1.6865 9.4544
0.0015177 16.627 559.55 0.35601 0.66119 1.6868 9.4719
0.0015177 16.966 536.37 0.35743 0.65769 1.6897 9.6055
0.0015177 16.97 536.19 0.35751 0.6578 1.6897 9.6068
0.0015178 17.053 530.7 0.35777 0.65677 1.6904 9.6401
0.0015178 17.055 530.56 0.35785 0.65689 1.6904 9.641
0.0015178 17.065 529.91 0.35782 0.65664 1.6905 9.645
0.0015179 16.487 569.91 0.3554 0.66268 1.6857 9.4162
0.001518 16.435 573.68 0.35502 0.66286 1.6853 9.3961
0.001518 16.449 572.56 0.35534 0.66326 1.6853 9.402
0.0015181 16.421 574.72 0.3553 0.66372 1.6851 9.3908
0.0015181 17.199 521.78 0.3584 0.65539 1.6916 9.6969
0.0015182 16.386 577.56 0.35515 0.66413 1.6848 9.3765
0.0015183 16.339 581.25 0.35494 0.66462 1.6844 9.3579
0.0015184 17.314 514.65 0.35851 0.65349 1.6926 9.743
0.0015184 17.316 514.78 0.35884 0.65418 1.6926 9.7429
0.0015185 17.342 512.94 0.35896 0.65391 1.6928 9.7544
0.0015188 16.211 591.17 0.35441 0.66605 1.6833 9.3083
0.0015191 17.499 503.8 0.35955 0.65229 1.6941 9.8168
0.0015191 17.499 503.81 0.35945 0.65209 1.6941 9.8167
0.0015191 17.504 503.58 0.35956 0.65225 1.6942 9.8184
0.0015192 17.546 501.47 0.35937 0.65115 1.6946 9.8337
0.0015193 16.096 600.98 0.35384 0.66721 1.6824 9.262
0.0015194 16.074 602.54 0.35382 0.6676 1.6821 9.2541
0.0015194 16.082 602.11 0.35385 0.66753 1.6822 9.2566
0.0015194 17.589 499.11 0.35979 0.65126 1.6949 9.8506
0.0015196 16.043 605.18 0.35369 0.66795 1.6818 9.2419
0.0015197 17.637 496.03 0.35972 0.65021 1.6953 9.8715
0.0015198 17.661 495.01 0.35979 0.64998 1.6955 9.8795
0.00152 17.711 492.05 0.36027 0.65002 1.6958 9.9008
0.0015201 15.958 612.64 0.35324 0.66877 1.6812 9.2081
0.0015206 15.881 619.25 0.35293 0.66969 1.6805 9.1785
0.0015206 15.884 619.57 0.35289 0.66962 1.6806 9.1778
0.0015206 17.816 486.49 0.36066 0.64899 1.6967 9.9424
0.0015206 17.829 486.34 0.36074 0.64902 1.6969 9.9449
0.0015208 15.859 621.31 0.35281 0.66991 1.6803 9.1695
0.001521 17.904 482.5 0.361 0.64827 1.6975 9.9743
0.0015212 15.805 626.3 0.35264 0.67069 1.6798 9.1481
0.0015213 17.942 480.47 0.36107 0.64776 1.6978 9.9897
0.0015214 15.772 629.39 0.35249 0.67107 1.6795 9.1349
0.0015215 17.963 478.93 0.36125 0.64767 1.6978 10
0.0015218 15.72 634.15 0.35226 0.67168 1.6791 9.1147
0.001522 15.706 636.21 0.35216 0.67185 1.6791 9.1071
0.001522 15.707 635.54 0.3522 0.67182 1.679 9.1093
0.001522 18.043 474.86 0.36154 0.64689 1.6985 10.033
0.001522 18.047 474.67 0.36147 0.64669 1.6985 10.034
0.0015222 15.684 638.17 0.35198 0.67191 1.6789 9.0989
0.0015224 15.66 640.54 0.3519 0.67225 1.6786 9.0894
0.0015224 18.11 471.56 0.36176 0.64621 1.699 10.059
0.0015226 18.141 470.64 0.36177 0.64582 1.6994 10.068
0.0015227 18.154 470.06 0.36188 0.64582 1.6995 10.073
0.0015228 15.613 644.63 0.35178 0.67293 1.6781 9.0723
0.0015229 18.179 468.57 0.36165 0.6449 1.6997 10.084
0.001523 15.597 646.74 0.35161 0.673 1.6781 9.0644
0.0015231 18.199 467.31 0.36205 0.64531 1.6997 10.094
0.0015232 15.569 648.93 0.35158 0.67346 1.6778 9.055
0.0015234 15.559 650.51 0.35151 0.6736 1.6778 9.0495
0.0015241 15.489 657.69 0.3512 0.67447 1.6771 9.0215
0.0015244 15.457 660.33 0.35106 0.67478 1.6768 9.0107
0.0015245 15.46 660.68 0.35095 0.67456 1.6769 9.01
0.0015246 15.44 662.07 0.35098 0.67499 1.6766 9.0041
0.0015246 18.398 457.96 0.36276 0.64345 1.7014 10.174
0.0015248 15.42 663.92 0.35089 0.67521 1.6764 8.9969
0.0015248 18.424 456.88 0.36287 0.64326 1.7016 10.184
0.0015251 15.398 666.43 0.35078 0.67549 1.6763 8.9876
0.0015252 18.49 454.75 0.36302 0.64264 1.7023 10.205
0.0015254 18.505 453.38 0.363 0.64223 1.7023 10.215
0.0015256 15.356 670.91 0.35052 0.67584 1.6759 8.971
0.0015258 15.348 672.51 0.3502 0.67541 1.676 8.9658
0.0015259 15.34 673.55 0.35048 0.67623 1.6759 8.9623
0.0015265 15.286 679.37 0.35022 0.67686 1.6754 8.9412
0.0015269 15.26 682.33 0.35004 0.67706 1.6752 8.9307
0.0015271 18.711 445.03 0.36376 0.64056 1.704 10.293
0.0015275 15.215 687.03 0.34958 0.67701 1.6748 8.9137
0.0015277 15.191 689.37 0.34983 0.67807 1.6745 8.9054
0.001528 15.175 691.56 0.34964 0.67806 1.6744 8.898
0.0015284 15.142 694.78 0.34957 0.6786 1.6741 8.8864
0.0015285 15.136 695.69 0.34956 0.67874 1.674 8.8835
0.0015285 18.853 438.57 0.36396 0.63862 1.7051 10.352
0.0015291 15.095 700.65 0.34932 0.67916 1.6737 8.8669
0.0015291 18.907 436.15 0.36446 0.63873 1.7054 10.375
0.0015294 18.958 434.79 0.36457 0.63828 1.706 10.391
0.0015295 18.959 434.37 0.36454 0.63812 1.7059 10.394
0.0015297 15.059 704.76 0.34917 0.67964 1.6733 8.8531
0.0015298 15.05 705.91 0.34912 0.67975 1.6733 8.8494
0.0015299 15.041 706.89 0.34907 0.67984 1.6732 8.846
0.0015303 15.021 709.46 0.34898 0.6801 1.673 8.8378
0.0015305 15.019 710.77 0.34896 0.6802 1.673 8.835
0.0015309 14.989 714.16 0.34847 0.67982 1.6729 8.8231
0.0015316 19.178 426.45 0.36531 0.63641 1.7077 10.477
0.0015317 14.932 720.53 0.34856 0.68127 1.6723 8.8024
0.0015318 14.93 721.06 0.34819 0.68053 1.6724 8.8007
0.0015319 19.21 425.32 0.36536 0.63606 1.7081 10.489
0.001532 14.915 722.63 0.34846 0.68144 1.6721 8.7956
0.0015333 14.843 731.97 0.3481 0.68234 1.6715 8.7669
0.0015333 14.846 731.91 0.34778 0.68159 1.6717 8.7673
0.0015334 14.839 732.44 0.34808 0.68239 1.6715 8.7654
0.0015345 14.777 740.59 0.34777 0.68318 1.6709 8.7408
0.0015345 14.783 740.24 0.34741 0.68227 1.6711 8.7421
0.0015348 14.77 742.54 0.3477 0.6833 1.671 8.7359
0.001535 19.462 414.58 0.36588 0.63302 1.7097 10.598
0.0015351 19.471 414.18 0.36619 0.63347 1.7097 10.603
0.0015355 14.723 747.67 0.34751 0.68387 1.6704 8.7202
0.0015355 14.727 747.4 0.34756 0.68387 1.6704 8.7211
0.0015357 19.556 412.43 0.36635 0.63281 1.7107 10.627
0.0015358 14.709 749.68 0.34743 0.68404 1.6703 8.7141
0.0015361 14.694 751.69 0.34703 0.6835 1.6703 8.7081
0.0015365 14.674 754.73 0.34718 0.68434 1.67 8.6998
0.0015366 14.67 755.24 0.34722 0.68454 1.67 8.6982
0.0015367 14.671 755.63 0.34722 0.68456 1.67 8.6976
0.0015368 14.662 756.3 0.34712 0.68452 1.67 8.695
0.0015369 14.666 756.81 0.34716 0.6846 1.6702 8.6946
0.0015375 19.679 406.91 0.36687 0.63174 1.7113 10.686
0.0015376 14.626 761.81 0.34666 0.6844 1.6697 8.6798
0.0015384 14.585 767.3 0.34679 0.68564 1.6692 8.6645
0.0015397 14.524 775.98 0.34641 0.68627 1.6687 8.6406
0.0015409 14.471 784.22 0.34615 0.68701 1.6682 8.6189
0.001541 14.47 784.3 0.34619 0.68712 1.6683 8.6188
0.0015412 14.457 785.99 0.34612 0.68725 1.6681 8.6141
0.0015418 14.429 790.12 0.34601 0.68768 1.6678 8.6033
0.0015423 14.413 792.9 0.3459 0.68786 1.6677 8.5963
0.0015424 20.072 393.67 0.368 0.62827 1.7143 10.844
0.0015426 20.134 393.07 0.36814 0.62797 1.7151 10.858
0.0015462 14.263 818.02 0.34473 0.68911 1.6667 8.5344
0.0015464 14.25 819.28 0.34495 0.68986 1.6663 8.5309
0.0015469 14.23 822.69 0.34491 0.69029 1.6662 8.5229
0.0015471 14.222 824.06 0.34488 0.69041 1.6661 8.5196
0.0015471 14.228 823.47 0.34484 0.69022 1.6662 8.5213
0.0015473 14.22 824.83 0.34453 0.68971 1.6662 8.518
0.0015484 14.175 832.15 0.34448 0.69073 1.6657 8.5006
0.0015486 14.171 832.87 0.3446 0.69111 1.6657 8.4991
0.0015496 20.676 376.78 0.36966 0.62346 1.7192 11.075
0.00155 14.119 842.12 0.34428 0.69173 1.6652 8.4781
0.0015501 14.117 842.26 0.34431 0.69183 1.6652 8.4776
0.0015507 14.096 846.52 0.34386 0.6914 1.6651 8.4682
0.0015508 14.091 846.8 0.34417 0.69218 1.665 8.4674
0.0015508 14.092 846.66 0.34416 0.69216 1.665 8.4676
0.0015509 14.091 847.46 0.34408 0.69204 1.665 8.4662
0.0015511 20.781 373.77 0.36996 0.62262 1.72 11.118
0.0015523 20.887 371.3 0.37007 0.62156 1.7209 11.156
0.0015538 13.991 865.29 0.34355 0.6934 1.6641 8.427
0.001554 13.989 866.34 0.34353 0.69346 1.6641 8.4252
0.0015543 13.974 868.33 0.34346 0.69361 1.664 8.4205
0.0015543 21.04 367.22 0.37064 0.62063 1.722 11.217
0.0015545 13.967 869.58 0.34342 0.69371 1.6639 8.4178
0.0015546 13.966 870.05 0.34347 0.69389 1.6639 8.417
0.0015552 13.944 874.03 0.34335 0.69419 1.6637 8.4085
0.0015563 13.911 880.42 0.34317 0.69463 1.6633 8.3953
0.0015572 21.151 361.95 0.37105 0.6194 1.7222 11.284
0.0015578 13.864 889.87 0.34291 0.6953 1.663 8.3761
0.0015578 13.866 889.64 0.34291 0.69527 1.663 8.3766
0.0015582 21.255 359.97 0.37135 0.6188 1.7231 11.32
0.0015604 13.787 905.86 0.34246 0.69637 1.6624 8.3448
0.001561 13.777 909.24 0.34231 0.69641 1.6624 8.3388
0.0015611 13.766 909.96 0.34233 0.69664 1.6622 8.3366
0.0015633 13.705 923.01 0.34199 0.69752 1.6616 8.312
0.0015637 21.638 350.56 0.37237 0.6159 1.7258 11.475
0.0015638 21.662 350.28 0.37236 0.61567 1.7262 11.481
0.0015656 13.64 937.29 0.34159 0.69837 1.6611 8.2859
0.0015658 13.637 938.67 0.34159 0.6985 1.6611 8.2838
0.0015658 13.641 938.34 0.34156 0.69837 1.6612 8.2847
0.0015659 13.639 938.97 0.3416 0.6985 1.6611 8.2836
0.0015661 21.751 346.6 0.37273 0.61488 1.7264 11.533
0.0015673 13.593 947.63 0.34137 0.69913 1.6606 8.2674
0.0015678 13.582 950.37 0.34129 0.69927 1.6605 8.2626
0.0015683 13.567 953.83 0.34119 0.69946 1.6604 8.2566
0.0015688 21.932 342.5 0.37294 0.61311 1.7278 11.606
0.001569 13.548 958 0.3411 0.69975 1.6602 8.2492
0.001569 13.551 957.74 0.3411 0.69971 1.6603 8.2498
0.0015691 13.545 958.65 0.34075 0.69904 1.6603 8.2479
0.0015693 13.543 959.38 0.34105 0.69982 1.6602 8.2469
0.0015708 13.504 968.77 0.34082 0.70038 1.6599 8.231
0.0015711 13.497 970.37 0.34078 0.70047 1.6598 8.2283
0.001572 13.474 976.06 0.34065 0.70082 1.6596 8.2189
0.0015734 22.297 335.56 0.37397 0.61092 1.7306 11.743
0.0015737 13.432 986.02 0.34034 0.70125 1.6593 8.2023
0.0015746 13.411 991.58 0.34027 0.70173 1.6591 8.1935
0.0015747 13.409 992.25 0.34026 0.70176 1.6591 8.1925
0.0015748 13.405 992.95 0.34024 0.70181 1.659 8.1912
0.0015752 13.397 995.25 0.34018 0.70193 1.659 8.1877
0.0015753 13.394 996.17 0.34006 0.70173 1.6589 8.1862
0.0015754 13.39 996.8 0.34015 0.70202 1.6589 8.1852
0.0015763 13.368 1002.4 0.34002 0.70235 1.6587 8.1763
0.0015778 13.335 1011.2 0.33982 0.70283 1.6584 8.1628
0.001578 22.667 329.19 0.3747 0.60835 1.7337 11.878
0.0015782 13.324 1013.7 0.33984 0.70317 1.6583 8.1586
0.0015791 13.305 1019.1 0.33951 0.70297 1.6582 8.1505
0.0015796 13.294 1022.1 0.33957 0.70345 1.6581 8.1461
0.0015796 22.667 326.96 0.37464 0.60764 1.7329 11.905
0.0015798 13.289 1023.4 0.33954 0.70351 1.658 8.1441
0.0015801 13.282 1025.3 0.3395 0.70362 1.658 8.1413
0.0015811 13.258 1031.7 0.3393 0.70384 1.6578 8.1317
0.0015811 13.26 1031.4 0.33936 0.70394 1.6578 8.1323
0.0015822 13.234 1038.5 0.3392 0.70432 1.6576 8.1218
0.0015824 22.808 323.31 0.37537 0.60711 1.7335 11.973
0.0015831 13.215 1043.9 0.33908 0.70459 1.6574 8.114
0.0015832 13.214 1044.4 0.33908 0.70463 1.6574 8.1133
0.0015846 13.181 1053.1 0.33891 0.70516 1.6571 8.1008
0.0015879 13.113 1073.7 0.33848 0.70621 1.6565 8.0723
0.0015886 13.098 1078.1 0.33827 0.70615 1.6564 8.0663
0.0015902 13.064 1088.1 0.33814 0.70681 1.6561 8.0527
0.0015912 13.045 1094 0.33802 0.70712 1.656 8.0451
0.0015913 13.044 1094.7 0.33802 0.70717 1.656 8.0443
0.0015919 13.031 1098.8 0.33794 0.70737 1.6559 8.039
0.001592 13.028 1099.5 0.33792 0.7074 1.6558 8.038
0.0015927 13.016 1103.5 0.33784 0.70758 1.6557 8.0329
0.001593 13.01 1105.4 0.33779 0.70765 1.6557 8.0305
0.0015941 12.986 1112.8 0.33735 0.70728 1.6555 8.0208
0.0015943 12.982 1114 0.33764 0.7081 1.6554 8.0194
0.0015946 12.975 1116 0.33728 0.70744 1.6554 8.0168
0.0015948 12.975 1116.8 0.33758 0.70819 1.6554 8.0161
0.0015952 12.966 1119.6 0.33746 0.70819 1.6553 8.0125
0.0015962 12.944 1126.3 0.33708 0.70792 1.6552 8.0039
0.0015972 12.927 1132.6 0.33728 0.70895 1.655 7.9965
0.0015979 12.914 1136.7 0.3372 0.70914 1.6549 7.9915
0.0015988 12.896 1142.8 0.33702 0.70925 1.6547 7.9842
0.0016007 23.951 301.85 0.37796 0.59914 1.741 12.459
0.0016008 12.859 1155.7 0.33679 0.70985 1.6544 7.969
0.0016013 12.851 1158.7 0.33679 0.71012 1.6543 7.9655
0.0016014 12.847 1159.7 0.33678 0.71017 1.6543 7.9643
0.0016014 12.847 1159.7 0.33687 0.7104 1.6542 7.964
0.0016019 12.838 1162.9 0.3364 0.70954 1.6543 7.9604
0.001602 12.838 1163.4 0.33671 0.71031 1.6542 7.9602
0.0016028 12.823 1168.5 0.33655 0.71041 1.6541 7.9541
0.0016028 12.823 1168.6 0.33661 0.71055 1.6541 7.9541
0.0016035 12.811 1172.9 0.33653 0.71074 1.654 7.9492
0.0016036 12.808 1173.7 0.33651 0.71076 1.654 7.9483
0.0016037 12.806 1174.8 0.3365 0.71081 1.6539 7.9471
0.0016057 24.467 296.5 0.37867 0.59602 1.7456 12.631
0.0016082 12.726 1204.1 0.33567 0.71129 1.6534 7.9146
0.0016083 12.725 1204.5 0.33597 0.71205 1.6533 7.9143
0.0016084 12.723 1205.5 0.33596 0.7121 1.6532 7.9133
0.0016086 12.72 1206.8 0.33594 0.71214 1.6532 7.912
0.0016094 12.706 1211.9 0.33576 0.71212 1.6531 7.9065
0.0016095 12.703 1213.1 0.33583 0.7124 1.6531 7.9051
0.0016103 12.69 1218.1 0.33574 0.71258 1.6529 7.9
0.0016107 12.683 1221.1 0.3357 0.71272 1.6529 7.8968
0.0016113 12.673 1224.9 0.33562 0.71285 1.6528 7.8928
0.0016114 12.671 1225.6 0.33551 0.71264 1.6529 7.8921
0.001612 12.661 1230 0.33555 0.71308 1.6527 7.8876
0.001613 12.644 1236.6 0.33544 0.71334 1.6526 7.8809
0.0016131 12.643 1237.1 0.33543 0.71337 1.6526 7.8803
0.0016135 12.635 1240.1 0.33537 0.71345 1.6525 7.8773
0.0016135 12.637 1239.9 0.3354 0.71351 1.6526 7.8774
0.0016139 12.63 1242.7 0.33529 0.71342 1.6525 7.8749
0.001615 12.611 1249.8 0.33523 0.71386 1.6523 7.8676
0.0016159 12.596 1255.9 0.33481 0.71333 1.6523 7.8613
0.0016164 12.589 1259.4 0.33501 0.71406 1.6522 7.8581
0.0016169 12.58 1263.1 0.33501 0.71436 1.6521 7.8545
0.0016178 12.564 1269.6 0.3349 0.71458 1.6519 7.8481
0.0016181 12.559 1271.6 0.33461 0.71404 1.6519 7.846
0.0016185 12.554 1274 0.33484 0.71477 1.6518 7.8439
0.0016206 12.519 1288.9 0.3343 0.71455 1.6516 7.8296
0.0016211 12.512 1292.6 0.33454 0.71542 1.6515 7.8264
0.001622 12.498 1298.3 0.33448 0.71568 1.6514 7.8211
0.0016235 12.474 1309.2 0.33396 0.7152 1.6513 7.811
0.0016237 12.472 1310.7 0.33428 0.71608 1.6512 7.81
0.0016242 12.464 1314 0.33418 0.71609 1.6511 7.8069
0.0016242 12.464 1314.1 0.33423 0.71621 1.6511 7.8069
0.0016251 12.45 1320.4 0.33414 0.71644 1.651 7.8012
0.0016253 12.448 1321.8 0.33414 0.71652 1.651 7.8
0.0016255 12.444 1323.3 0.3341 0.71653 1.6509 7.7987
0.0016256 12.443 1323.9 0.33409 0.71656 1.6509 7.7981
0.0016272 12.417 1335.9 0.33392 0.71698 1.6507 7.7876
0.0016277 12.41 1339.3 0.33386 0.71709 1.6506 7.7846
0.0016307 12.365 1361 0.33355 0.71778 1.6503 7.7662
0.0016314 12.355 1366.1 0.33349 0.71798 1.6502 7.762
0.0016318 12.348 1369.5 0.33344 0.71809 1.6501 7.7592
0.0016329 12.333 1377.4 0.33333 0.71834 1.65 7.7527
0.0016344 12.31 1388.9 0.33311 0.71856 1.6499 7.7434
0.0016353 12.298 1395.3 0.33309 0.71891 1.6497 7.7384
0.0016372 12.269 1409.9 0.33264 0.71873 1.6496 7.7266
0.0016372 12.271 1409.6 0.3329 0.71936 1.6495 7.7271
0.0016373 12.27 1410.2 0.33289 0.71937 1.6495 7.7267
0.0016373 12.27 1410.4 0.33289 0.71938 1.6495 7.7265
0.0016377 12.265 1413.2 0.33284 0.71943 1.6495 7.7242
0.0016382 12.257 1417.4 0.33279 0.71959 1.6495 7.7209
0.0016385 12.253 1419.4 0.33277 0.71965 1.6494 7.7195
0.0016389 12.247 1422.6 0.33273 0.71975 1.6493 7.717
0.0016397 12.235 1428.7 0.33259 0.71978 1.6492 7.7123
0.0016405 12.224 1434.9 0.33258 0.72013 1.6491 7.7077
0.0016418 12.206 1445.1 0.3325 0.72058 1.649 7.7002
0.0016426 12.195 1451.1 0.33231 0.72045 1.6489 7.6957
0.0016426 12.195 1451.5 0.33231 0.72046 1.6489 7.6955
0.0016426 12.196 1451 0.33237 0.7206 1.6489 7.6958
0.0016427 12.193 1451.9 0.33229 0.72047 1.6489 7.695
0.001643 12.189 1454.7 0.33233 0.72072 1.6488 7.6931
0.0016453 12.158 1472.5 0.33211 0.72123 1.6486 7.6803
0.0016463 12.145 1480 0.33202 0.72145 1.6485 7.675
0.0016463 12.145 1480.1 0.33202 0.72147 1.6485 7.6748
0.0016463 12.145 1480.4 0.33201 0.72145 1.6485 7.6747
0.0016466 12.141 1482.8 0.33198 0.72152 1.6484 7.673
0.0016467 12.139 1483.7 0.33197 0.72156 1.6484 7.6724
0.0016473 12.131 1488.1 0.33192 0.72167 1.6484 7.6693
0.0016474 12.129 1489.4 0.33156 0.72085 1.6484 7.6682
0.0016482 12.12 1495.3 0.33188 0.72198 1.6483 7.6645
0.0016502 12.093 1511.4 0.33164 0.72232 1.6481 7.6533
0.0016503 12.091 1512.9 0.33163 0.72236 1.648 7.6524
0.0016511 12.081 1519.2 0.33155 0.72252 1.648 7.6481
0.0016517 12.073 1524.2 0.3315 0.72266 1.6479 7.6448
0.0016525 12.063 1530.1 0.33142 0.7228 1.6478 7.6409
0.0016531 12.054 1535.6 0.33137 0.72299 1.6478 7.6372
0.0016537 12.047 1540 0.33132 0.72309 1.6477 7.6343
0.0016541 12.041 1543.9 0.33127 0.72319 1.6476 7.6319
0.0016556 12.023 1556.4 0.33113 0.7235 1.6475 7.6239
0.0016571 12.003 1568.7 0.33099 0.72381 1.6473 7.6159
0.0016572 12.002 1569.9 0.33099 0.72386 1.6473 7.6154
0.0016577 11.996 1574 0.33094 0.72396 1.6473 7.6128
0.0016579 11.993 1575.8 0.33092 0.72398 1.6472 7.6117
0.001658 11.991 1576.8 0.33091 0.72404 1.6472 7.611
0.0016581 11.991 1577.4 0.33091 0.72406 1.6472 7.6107
0.0016585 11.985 1581.2 0.33086 0.72414 1.6472 7.6084
0.0016585 11.986 1581 0.33086 0.72414 1.6472 7.6085
0.0016586 11.984 1581.5 0.33083 0.72408 1.6472 7.6082
0.0016607 11.958 1599.7 0.33068 0.72463 1.647 7.5971
0.001662 11.942 1610.6 0.33056 0.72488 1.6468 7.5906
0.0016623 11.937 1613.9 0.3302 0.72416 1.6469 7.5883
0.0016627 11.933 1616.9 0.33049 0.72504 1.6467 7.5868
0.0016645 27.426 247.97 0.38604 0.57782 1.7585 14.132
0.0016651 11.904 1637.8 0.33028 0.72555 1.6465 7.5748
0.001666 11.893 1646.4 0.33019 0.72573 1.6465 7.5699
0.0016677 11.872 1661.6 0.33005 0.72611 1.6463 7.5613
0.001669 11.856 1673.6 0.32993 0.72637 1.6462 7.5547
0.001669 11.857 1673.4 0.32986 0.72619 1.6462 7.5547
0.001669 11.857 1673.5 0.32994 0.72641 1.6462 7.5547
0.0016696 11.849 1679 0.32987 0.72648 1.6461 7.5517
0.0016696 11.851 1678.7 0.32988 0.72649 1.6461 7.5519
0.00167 11.844 1682.8 0.32974 0.72633 1.6461 7.5496
0.0016701 11.843 1683.7 0.32982 0.72659 1.646 7.5491
0.0016704 11.839 1686.5 0.3298 0.72665 1.646 7.5476
0.0016706 11.837 1687.9 0.32972 0.72652 1.646 7.5468
0.0016715 11.827 1696.5 0.3297 0.72688 1.6459 7.5423
0.0016719 11.822 1700 0.32967 0.72695 1.6459 7.5404
0.0016732 11.807 1712 0.32955 0.7272 1.6458 7.5341
0.0016744 11.793 1723.4 0.32939 0.7273 1.6457 7.5281
0.0016747 11.789 1726.3 0.3294 0.72749 1.6456 7.5266
0.0016759 11.775 1737.8 0.32935 0.72785 1.6455 7.5207
0.0016769 11.765 1746.9 0.32923 0.72796 1.6454 7.5162
0.0016782 11.749 1759.6 0.32915 0.72828 1.6453 7.5099
0.0016782 11.75 1759 0.32917 0.72833 1.6453 7.5102
0.0016798 11.731 1774.8 0.32892 0.72838 1.6452 7.5023
0.00168 11.728 1777.2 0.3289 0.72843 1.6452 7.5011
0.0016807 11.721 1784 0.32884 0.72854 1.6451 7.4978
0.0016811 11.717 1787.6 0.32888 0.7288 1.645 7.4961
0.0016819 11.708 1795.5 0.32881 0.72896 1.645 7.4923
0.001682 11.706 1796.4 0.32869 0.72871 1.645 7.4919
0.0016836 11.688 1813 0.32866 0.7293 1.6448 7.4841
0.0016844 11.679 1820.9 0.32859 0.72946 1.6447 7.4804
0.0016849 11.674 1825.8 0.32855 0.72955 1.6447 7.4782
0.0016855 11.669 1831.7 0.32861 0.72991 1.6446 7.4757
0.001686 11.662 1836.2 0.32846 0.72976 1.6446 7.4734
0.0016861 11.661 1837.4 0.32845 0.72977 1.6446 7.4729
0.0016876 11.644 1853.4 0.32832 0.73008 1.6445 7.4657
0.001688 11.639 1857.4 0.32826 0.73008 1.6444 7.4638
0.001688 11.639 1857.8 0.32829 0.73018 1.6444 7.4637
0.0016883 11.637 1860.1 0.32823 0.73011 1.6444 7.4626
0.0016884 11.635 1861.5 0.3282 0.73007 1.6444 7.462
0.0016889 11.63 1866.9 0.32815 0.73018 1.6444 7.4596
0.00169 11.619 1877.6 0.32814 0.73058 1.6444 7.455
0.0016905 11.613 1883.3 0.32802 0.73048 1.6443 7.4525
0.0016908 11.609 1886.9 0.32799 0.73054 1.6442 7.4509
0.0016921 11.596 1899.7 0.32796 0.73093 1.6441 7.4455
0.0016924 11.593 1903 0.32793 0.73099 1.6441 7.4441
0.0016926 11.591 1905.5 0.32792 0.73105 1.6441 7.4432
0.0016931 11.585 1910.4 0.32788 0.73115 1.644 7.441
0.0016934 11.582 1913.9 0.32785 0.73119 1.644 7.4395
0.0016936 11.579 1916.4 0.32782 0.73123 1.644 7.4384
0.0016936 11.579 1916.5 0.32783 0.73124 1.644 7.4384
0.0016939 11.577 1919 0.32781 0.73128 1.644 7.4374
0.0016948 11.568 1928.7 0.32774 0.73145 1.6439 7.4334
0.0016948 11.568 1928.8 0.32774 0.73145 1.6439 7.4334
0.0016959 11.556 1940.8 0.32764 0.73164 1.6438 7.4284
0.001697 11.544 1953.4 0.3275 0.73174 1.6437 7.4234
0.0016974 11.54 1957.1 0.32752 0.73195 1.6437 7.4219
0.0016977 11.537 1960.7 0.3275 0.732 1.6437 7.4205
0.0016983 11.531 1967.4 0.32745 0.73211 1.6436 7.4178
0.0016985 11.526 1970.2 0.3274 0.73211 1.6435 7.4166
0.0016989 11.524 1974.5 0.3274 0.73224 1.6436 7.415
0.0016991 11.522 1976.2 0.32739 0.73227 1.6435 7.4143
0.0017001 11.511 1988.2 0.3273 0.73246 1.6435 7.4096
0.0017007 11.505 1995 0.32725 0.73258 1.6434 7.407
0.0017008 11.504 1995.5 0.32718 0.73242 1.6434 7.4068
0.0017014 11.498 2002.5 0.32719 0.73267 1.6433 7.4042
0.0017018 11.494 2006.5 0.32717 0.73278 1.6433 7.4026
0.0017021 11.491 2010.7 0.32713 0.73281 1.6433 7.401
0.0017028 11.483 2018.1 0.32678 0.73218 1.6433 7.3979
0.0017032 11.48 2022.6 0.32705 0.73302 1.6432 7.3965
0.0017035 11.477 2026.9 0.32703 0.73312 1.6432 7.395
0.0017039 11.473 2031 0.327 0.73316 1.6431 7.3934
0.001704 11.472 2032.5 0.32699 0.73318 1.6431 7.3928
0.0017044 11.468 2036.4 0.32696 0.73324 1.6431 7.3914
0.0017045 11.466 2038.4 0.32695 0.73328 1.6431 7.3906
0.0017049 11.458 2042.8 0.32694 0.73348 1.6429 7.3886
0.0017049 11.461 2043.3 0.32667 0.73275 1.6431 7.3885
0.0017051 11.46 2045.1 0.3269 0.73339 1.6431 7.3882
0.0017053 11.458 2047.8 0.3269 0.73346 1.643 7.3872
0.0017053 11.459 2047 0.32689 0.73341 1.643 7.3875
0.0017055 11.456 2050.4 0.32686 0.73347 1.643 7.3863
0.0017056 11.456 2050.5 0.32686 0.73347 1.643 7.3862
0.0017063 11.448 2059.1 0.32681 0.7336 1.643 7.3831
0.0017065 11.446 2061.6 0.32679 0.73364 1.6429 7.3822
0.0017067 11.444 2064.3 0.32677 0.73369 1.6429 7.3812
0.0017085 11.427 2084.9 0.32663 0.734 1.6428 7.3739
0.0017087 11.424 2087.8 0.32662 0.73405 1.6428 7.3729
0.0017087 11.424 2088.3 0.32658 0.73396 1.6428 7.3727
0.0017092 11.419 2094.4 0.32657 0.73415 1.6427 7.3706
0.0017094 11.418 2096.6 0.32654 0.73412 1.6428 7.37
0.0017095 11.416 2096.9 0.32654 0.73415 1.6427 7.3696
0.0017099 11.412 2102.7 0.32652 0.73427 1.6427 7.3677
0.0017101 11.409 2105 0.32646 0.73421 1.6427 7.3668
0.0017103 11.409 2106.7 0.3265 0.73434 1.6427 7.3663
0.0017117 11.394 2124.2 0.32649 0.73485 1.6424 7.3601
0.0017118 11.393 2125.9 0.32637 0.73463 1.6426 7.3596
0.0017119 11.392 2127.4 0.32636 0.73464 1.6425 7.3592
0.0017122 11.388 2131 0.32604 0.73391 1.6426 7.3578
0.0017126 11.385 2135.4 0.32624 0.73458 1.6425 7.3565
0.0017128 11.383 2138.5 0.32629 0.7348 1.6425 7.3555
0.001713 11.382 2140.4 0.32624 0.73473 1.6425 7.3548
0.0017131 11.381 2141.1 0.32627 0.73484 1.6425 7.3546
0.0017133 11.379 2144.6 0.32624 0.73484 1.6425 7.3535
0.0017143 11.369 2156.4 0.32618 0.73505 1.6424 7.3496
0.0017146 11.365 2160.1 0.32586 0.73432 1.6424 7.3481
0.0017147 11.364 2162.1 0.32584 0.73435 1.6424 7.3475
0.0017153 11.359 2170 0.3261 0.73525 1.6423 7.3451
0.0017153 11.36 2169.3 0.3261 0.73523 1.6423 7.3454
0.0017155 11.357 2171.7 0.32609 0.73527 1.6423 7.3446
0.0017157 11.355 2174.4 0.32606 0.73528 1.6423 7.3437
0.0017164 11.348 2184 0.32612 0.73569 1.642 7.3407
0.0017164 11.349 2182.9 0.32602 0.73543 1.6422 7.341
0.0017169 11.344 2189.2 0.32598 0.73552 1.6422 7.3389
0.0017175 11.338 2197.6 0.32593 0.73564 1.6421 7.3363
0.0017183 11.33 2207.7 0.32587 0.73578 1.6421 7.333
0.0017184 11.329 2209.6 0.32586 0.7358 1.6421 7.3325
0.0017195 11.318 2224.3 0.3258 0.73609 1.642 7.3279
0.0017198 11.316 2227.7 0.32575 0.73604 1.642 7.3269
0.0017207 11.307 2240 0.32568 0.73621 1.6419 7.3231
0.0017208 11.306 2240.4 0.32568 0.73621 1.6419 7.323
0.0017208 11.307 2240.4 0.32565 0.73614 1.6419 7.3229
0.0017213 11.301 2247.9 0.32557 0.73615 1.6419 7.3207
0.0017213 11.301 2247.9 0.32567 0.73641 1.6418 7.3206
0.0017215 11.299 2250.4 0.32562 0.73635 1.6418 7.3199
0.0017216 11.299 2251.3 0.32562 0.73636 1.6418 7.3197
0.0017218 11.296 2254.3 0.32557 0.73637 1.6419 7.3187
0.001722 11.295 2256.2 0.3256 0.73645 1.6418 7.3182
0.0017225 11.29 2263.5 0.32555 0.73652 1.6418 7.316
0.0017227 11.288 2266.4 0.32552 0.73652 1.6418 7.3151
0.001723 11.286 2269.7 0.32551 0.7366 1.6417 7.3141
0.0017238 11.277 2281.5 0.32514 0.73597 1.6417 7.3105
0.0017242 11.274 2286.8 0.32542 0.73683 1.6416 7.3091
0.001725 11.266 2297.9 0.32536 0.73696 1.6416 7.3059
0.0017263 11.254 2315.5 0.32528 0.73723 1.6415 7.3008
0.0017265 11.251 2318.7 0.32492 0.73639 1.6416 7.2996
0.0017275 11.243 2331.9 0.32512 0.73725 1.6414 7.2961
0.0017279 11.239 2338 0.32517 0.73752 1.6413 7.2945
0.0017281 11.238 2340.8 0.32512 0.73749 1.6414 7.2937
0.0017285 11.234 2346.5 0.3251 0.73757 1.6413 7.2922
0.0017287 11.233 2349.5 0.32514 0.73777 1.6413 7.2913
0.0017291 11.229 2354.3 0.32505 0.73766 1.6413 7.29
0.0017294 11.226 2359 0.32503 0.73771 1.6413 7.2887
0.0017297 11.223 2363 0.32502 0.73779 1.6413 7.2876
0.0017308 11.212 2379.5 0.32489 0.73791 1.6412 7.283
0.001731 11.211 2382.2 0.32491 0.738 1.6412 7.2824
0.0017315 11.205 2390 0.32485 0.73808 1.6411 7.2801
0.0017317 11.205 2392.2 0.32485 0.73811 1.6411 7.2798
0.0017321 11.201 2398.8 0.32482 0.73821 1.6411 7.2779
0.0017324 11.198 2402.9 0.32481 0.73826 1.6411 7.2769
0.0017326 11.196 2406 0.32478 0.73827 1.6411 7.276
0.0017327 11.196 2406.9 0.32478 0.73829 1.6411 7.2758
0.0017328 11.193 2409.1 0.32447 0.73753 1.6411 7.275
0.0017328 11.194 2408.3 0.32482 0.73847 1.6411 7.2755
0.001733 11.191 2412.2 0.3247 0.73825 1.6411 7.2743
0.0017332 11.192 2413.8 0.32477 0.73844 1.6411 7.274
0.0017333 11.19 2416.5 0.32473 0.7384 1.641 7.2733
0.0017335 11.188 2418.2 0.32475 0.73846 1.6409 7.273
0.0017348 11.177 2437.6 0.32464 0.73867 1.6409 7.2678
0.0017352 11.173 2443.5 0.3246 0.73872 1.6409 7.2663
0.0017352 11.173 2443.9 0.3246 0.73871 1.6409 7.2662
0.0017353 11.172 2445.4 0.32459 0.73873 1.6409 7.2658
0.0017354 11.171 2446.9 0.32458 0.73875 1.6409 7.2654
0.0017354 11.171 2447.9 0.32458 0.73875 1.6409 7.2652
0.0017355 11.17 2448.7 0.32457 0.73878 1.6409 7.2649
0.0017356 11.169 2450.2 0.32454 0.73872 1.6408 7.2645
0.0017363 11.163 2460.4 0.32452 0.73891 1.6408 7.262
0.0017364 11.161 2461.9 0.32419 0.7381 1.6409 7.2614
0.0017366 11.16 2466.1 0.32448 0.73897 1.6408 7.2605
0.0017369 11.157 2470.6 0.32446 0.73901 1.6408 7.2594
0.0017371 11.156 2472.3 0.32446 0.73903 1.6407 7.2591
0.0017378 11.149 2483.8 0.32442 0.73921 1.6407 7.2561
0.0017385 11.139 2494.2 0.32443 0.7395 1.6404 7.2538
0.0017385 11.143 2494.3 0.32441 0.73945 1.6407 7.2536
0.0017387 11.141 2498.3 0.32433 0.73932 1.6407 7.2526
0.0017388 11.14 2499.3 0.32433 0.73933 1.6406 7.2524
0.0017388 11.141 2498.8 0.32428 0.73919 1.6407 7.2524
0.0017394 11.135 2509.3 0.32428 0.73944 1.6406 7.2499
0.0017397 11.132 2512.8 0.32415 0.73918 1.6406 7.2489
0.00174 11.129 2518.5 0.32394 0.73875 1.6407 7.2474
0.0017405 11.126 2525.7 0.32421 0.73962 1.6405 7.2459
0.0017408 11.123 2530.3 0.32419 0.73967 1.6405 7.2448
0.0017413 11.118 2538.3 0.32409 0.73958 1.6405 7.2429
0.0017413 11.118 2538.3 0.32416 0.73977 1.6405 7.243
0.0017416 11.116 2544.1 0.32412 0.73979 1.6405 7.2415
0.0017417 11.114 2545.4 0.32407 0.7397 1.6404 7.2411
0.0017424 11.109 2555.9 0.32407 0.73994 1.6404 7.2388
0.0017425 11.108 2557.5 0.324 0.73979 1.6404 7.2384
0.0017428 11.105 2561.8 0.32406 0.74003 1.6403 7.2374
0.0017428 11.105 2562.8 0.32404 0.74001 1.6404 7.2372
0.0017433 11.088 2570.2 0.3238 0.73979 1.6401 7.2338
0.0017442 11.093 2585.6 0.32396 0.74031 1.6403 7.232
0.0017443 11.092 2586.4 0.32393 0.74025 1.6403 7.2318
0.0017456 11.081 2608 0.32378 0.7403 1.6402 7.2268
0.0017458 11.079 2611.6 0.32376 0.74034 1.6402 7.226
0.0017463 11.074 2619.7 0.32349 0.73979 1.6402 7.224
0.0017468 11.071 2628.2 0.32376 0.7407 1.6401 7.2224
0.0017469 11.069 2630.1 0.32374 0.74069 1.6401 7.2219
0.0017469 11.07 2629.9 0.32373 0.74066 1.6401 7.222
0.0017472 11.066 2635.4 0.32372 0.74075 1.6401 7.2208
0.0017474 11.065 2638.1 0.32371 0.74077 1.6401 7.2202
0.0017475 11.064 2640.3 0.3237 0.74078 1.6401 7.2197
0.0017478 11.061 2645.7 0.32368 0.74085 1.64 7.2185
0.0017489 11.052 2663.4 0.3236 0.741 1.64 7.2147
0.0017494 11.048 2672.8 0.32356 0.7411 1.64 7.2127
0.0017498 11.045 2679 0.32354 0.74116 1.6399 7.2114
0.00175 11.043 2682.8 0.32355 0.74128 1.6399 7.2106
0.0017503 11.04 2687.4 0.3235 0.74125 1.6399 7.2096
0.0017505 11.038 2692.3 0.32349 0.74129 1.6399 7.2085
0.0017509 11.035 2698.2 0.32345 0.74134 1.6399 7.2073
0.0017516 11.029 2711.2 0.32341 0.74147 1.6398 7.2047
0.0017522 11.023 2720.7 0.32307 0.74076 1.6399 7.2024
0.0017525 11.021 2726 0.32304 0.74081 1.6398 7.2013
0.0017525 11.022 2726.7 0.32338 0.7417 1.6398 7.2014
0.0017529 11.018 2733.5 0.32332 0.74168 1.6397 7.2
0.001753 11.017 2735.2 0.32325 0.74153 1.6397 7.1996
0.001753 11.017 2735.5 0.32331 0.7417 1.6397 7.1996
0.0017532 11.015 2739.6 0.32329 0.74172 1.6397 7.1987
0.0017533 11.015 2740.6 0.32329 0.74174 1.6397 7.1985
0.0017537 11.012 2747.3 0.32326 0.7418 1.6397 7.1972
0.001754 11.009 2753.2 0.32325 0.74189 1.6397 7.196
0.0017542 11.007 2757.7 0.32321 0.74188 1.6397 7.1951
0.0017551 10.999 2774.1 0.32311 0.74192 1.6396 7.1918
0.0017553 10.998 2776.4 0.32315 0.74208 1.6396 7.1914
0.0017558 10.994 2785.3 0.32312 0.74215 1.6396 7.1896
0.0017559 10.993 2788 0.32309 0.74214 1.6395 7.1891
0.0017563 10.988 2795.8 0.32303 0.74216 1.6396 7.1873
0.0017563 10.989 2794.7 0.32301 0.74206 1.6396 7.1877
0.0017567 10.985 2803.2 0.32275 0.74151 1.6396 7.1859
0.0017567 10.987 2802.3 0.32302 0.74221 1.6395 7.1864
0.0017572 10.981 2812.7 0.32301 0.74239 1.6395 7.1843
0.0017575 10.98 2816.8 0.32299 0.74242 1.6395 7.1835
0.001758 10.975 2826 0.32296 0.7425 1.6394 7.1817
0.001758 10.975 2826.3 0.32283 0.74219 1.6395 7.1815
0.0017581 10.974 2829.5 0.32294 0.74253 1.6394 7.181
0.0017584 10.971 2834.9 0.32292 0.74257 1.6394 7.18
0.0017584 10.972 2833.7 0.32296 0.74262 1.6393 7.1802
0.0017587 10.97 2839.2 0.3229 0.74258 1.6394 7.1792
0.0017588 10.969 2841.6 0.3229 0.74263 1.6394 7.1788
0.0017591 10.966 2846.7 0.32288 0.74268 1.6394 7.1778
0.0017595 10.963 2854.6 0.32285 0.74275 1.6393 7.1763
0.0017597 10.961 2859.5 0.32283 0.74279 1.6393 7.1754
0.0017597 10.961 2859.8 0.32283 0.74279 1.6393 7.1753
0.00176 10.958 2864.4 0.32281 0.74282 1.6393 7.1745
0.0017604 10.955 2872.8 0.32278 0.7429 1.6393 7.1729
0.0017611 10.949 2885.6 0.32273 0.743 1.6393 7.1706
0.0017613 10.948 2889.1 0.32273 0.74304 1.6392 7.1699
0.0017616 10.945 2895.4 0.3227 0.74308 1.6392 7.1688
0.0017616 10.945 2896.2 0.32268 0.74306 1.6392 7.1686
0.0017617 10.944 2897.4 0.32269 0.7431 1.6392 7.1684
0.0017617 10.944 2898.3 0.32271 0.74316 1.6392 7.1683
0.0017626 10.937 2915 0.32251 0.74293 1.6392 7.1651
0.0017627 10.936 2916.4 0.32254 0.74302 1.6392 7.1649
0.0017628 10.935 2919.7 0.32266 0.74344 1.6392 7.1644
0.0017632 10.932 2926.1 0.32253 0.7432 1.6392 7.1631
0.0017633 10.932 2928 0.32258 0.74335 1.6391 7.1629
0.0017637 10.928 2935.9 0.32225 0.74261 1.6392 7.1612
0.0017638 10.927 2939.7 0.32245 0.7432 1.6391 7.1608
0.0017642 10.924 2946 0.32253 0.74351 1.639 7.1597
0.0017649 10.918 2960.5 0.32247 0.74362 1.639 7.1572
0.0017649 10.918 2961.6 0.32247 0.74363 1.639 7.157
0.0017651 10.916 2964.4 0.32246 0.74366 1.639 7.1565
0.0017653 10.915 2968.7 0.32244 0.74368 1.639 7.1558
0.0017654 10.913 2971.1 0.32213 0.7429 1.6391 7.1551
0.001766 10.909 2982.3 0.32235 0.74366 1.639 7.1533
0.0017662 10.907 2987.6 0.32238 0.74382 1.6389 7.1525
0.0017662 10.908 2986.3 0.32239 0.74382 1.639 7.1527
0.0017666 10.904 2995.7 0.32235 0.74388 1.6389 7.1511
0.0017669 10.901 3001.8 0.32209 0.7433 1.639 7.1499
0.0017671 10.9 3006.1 0.32232 0.74397 1.6389 7.1494
0.0017673 10.899 3009.1 0.32231 0.74399 1.6389 7.1489
0.0017676 10.896 3016.5 0.32228 0.74404 1.6389 7.1476
0.0017676 10.897 3014.9 0.32228 0.74401 1.6389 7.1479
0.0017678 10.895 3019 0.3223 0.74414 1.6388 7.1472
0.0017678 10.895 3020.9 0.32228 0.74409 1.6388 7.147
0.001768 10.892 3023.8 0.32196 0.74331 1.6389 7.1462
0.0017681 10.893 3025.5 0.32225 0.7441 1.6389 7.1461
0.0017681 10.893 3025.5 0.32225 0.74412 1.6388 7.1461
0.0017682 10.89 3028.7 0.32195 0.74336 1.6389 7.1452
0.0017687 10.887 3038.7 0.32221 0.74422 1.6388 7.1439
0.0017687 10.888 3038.4 0.32223 0.74428 1.6388 7.144
0.0017687 10.893 3039.2 0.32222 0.74419 1.6391 7.1445
0.0017691 10.884 3047 0.32209 0.74404 1.6388 7.1425
0.0017699 10.878 3064.2 0.32212 0.74441 1.6388 7.1398
0.0017703 10.875 3072.5 0.3221 0.74447 1.6387 7.1384
0.0017704 10.874 3074.2 0.3221 0.74449 1.6387 7.1381
0.0017704 10.874 3075 0.32209 0.74449 1.6387 7.138
0.0017706 10.872 3080 0.32206 0.74448 1.6387 7.1371
0.0017709 10.87 3085 0.32204 0.74449 1.6387 7.1365
0.0017709 10.87 3085 0.32206 0.74456 1.6387 7.1364
0.0017711 10.868 3089.5 0.32198 0.74443 1.6387 7.1356
0.0017717 10.862 3102.9 0.3217 0.7439 1.6387 7.1333
0.0017717 10.863 3102.5 0.3217 0.74389 1.6387 7.1334
0.0017721 10.859 3111.6 0.32196 0.74475 1.6386 7.1321
0.0017722 10.86 3112.5 0.32199 0.74479 1.6386 7.132
0.0017725 10.856 3119.8 0.32165 0.74402 1.6387 7.1307
0.0017726 10.857 3122.6 0.3219 0.74474 1.6386 7.1304
0.0017729 10.854 3128.1 0.32192 0.74487 1.6386 7.1296
0.0017731 10.853 3132.4 0.32192 0.74493 1.6386 7.1289
0.0017732 10.851 3136.4 0.3219 0.74494 1.6385 7.1283
0.0017741 10.845 3155 0.32185 0.74508 1.6385 7.1254
0.0017747 10.839 3168.9 0.32174 0.745 1.6385 7.1233
0.0017753 10.835 3181.4 0.32171 0.74512 1.6384 7.1213
0.0017754 10.834 3184.2 0.32175 0.74526 1.6384 7.121
0.0017763 10.827 3204.3 0.32169 0.74541 1.6384 7.118
0.0017764 10.826 3207.2 0.32169 0.74544 1.6384 7.1176
0.0017765 10.828 3210.5 0.32176 0.74569 1.6386 7.117
0.0017767 10.823 3214.6 0.32155 0.74518 1.6384 7.1164
0.0017772 10.82 3224.8 0.32163 0.74555 1.6383 7.115
0.0017772 10.82 3226.7 0.32162 0.74554 1.6383 7.1147
0.0017774 10.819 3229.8 0.32162 0.74558 1.6383 7.1142
0.0017775 10.818 3232.8 0.32161 0.7456 1.6383 7.1138
0.0017776 10.816 3236.1 0.3216 0.74562 1.6383 7.1133
0.0017777 10.816 3237.3 0.3215 0.74539 1.6383 7.1131
0.0017779 10.815 3242 0.32159 0.74567 1.6382 7.1125
0.001778 10.813 3245 0.32152 0.74555 1.6383 7.112
0.0017781 10.813 3245.4 0.32157 0.74568 1.6383 7.112
0.0017784 10.81 3254.7 0.32154 0.74574 1.6383 7.1106
0.0017785 10.81 3256.4 0.32154 0.74575 1.6383 7.1104
0.0017787 10.809 3259.5 0.32153 0.74577 1.6382 7.1099
0.0017788 10.807 3263.1 0.32154 0.74585 1.6382 7.1094
0.0017788 10.808 3262.2 0.32152 0.74578 1.6382 7.1095
0.0017789 10.806 3266.2 0.32151 0.74582 1.6382 7.109
0.0017789 10.807 3265.3 0.32151 0.74582 1.6382 7.1091
0.001779 10.806 3267.4 0.32144 0.74565 1.6383 7.1088
0.0017793 10.804 3273.6 0.32149 0.74588 1.6382 7.1079
0.0017797 10.799 3285 0.32112 0.74505 1.6383 7.1061
0.0017801 10.798 3292.7 0.32143 0.74599 1.6382 7.1052
0.0017805 10.794 3303.2 0.3214 0.74605 1.6381 7.1037
0.0017808 10.791 3310.6 0.32109 0.74531 1.6382 7.1025
0.0017809 10.791 3313.3 0.32138 0.74613 1.6381 7.1023
0.001781 10.79 3315.8 0.32137 0.74615 1.6381 7.102
0.0017812 10.789 3320.3 0.32135 0.74615 1.6381 7.1014
0.0017818 10.784 3334.4 0.32131 0.74624 1.6381 7.0994
0.0017821 10.781 3343.2 0.32131 0.74634 1.638 7.0983
0.0017822 10.781 3345.5 0.32135 0.74645 1.6379 7.098
0.0017825 10.778 3352.6 0.32127 0.74638 1.638 7.0969
0.0017827 10.777 3355.9 0.32126 0.7464 1.638 7.0965
0.0017828 10.776 3359.9 0.32119 0.74625 1.638 7.0959
0.001783 10.775 3364.7 0.32118 0.7463 1.638 7.0953
0.0017832 10.773 3370.3 0.32127 0.74662 1.638 7.0947
0.0017834 10.772 3373.6 0.32122 0.74652 1.638 7.0941
0.0017836 10.77 3379.2 0.32114 0.74638 1.638 7.0933
0.0017836 10.77 3380.1 0.3212 0.74656 1.638 7.0932
0.001784 10.766 3387.9 0.32084 0.74571 1.638 7.092
0.0017842 10.766 3393.1 0.32111 0.7465 1.6379 7.0915
0.0017843 10.77 3395.3 0.32125 0.74681 1.638 7.0917
0.0017845 10.763 3401.1 0.32108 0.74651 1.6379 7.0904
0.0017845 10.764 3401 0.32122 0.74684 1.6378 7.0907
0.001785 10.759 3415 0.3211 0.74676 1.6379 7.0886
0.0017852 10.758 3419.1 0.32112 0.74685 1.6378 7.0881
0.0017853 10.757 3422.5 0.32108 0.7468 1.6379 7.0876
0.0017855 10.756 3426.1 0.32103 0.7467 1.6378 7.0872
0.0017857 10.754 3431.5 0.32107 0.74689 1.6379 7.0865
0.0017857 10.754 3432.9 0.32103 0.7468 1.6379 7.0863
0.0017858 10.753 3434.8 0.32105 0.74688 1.6378 7.086
0.0017858 10.753 3435.2 0.32105 0.74689 1.6379 7.086
0.001786 10.752 3439.4 0.32104 0.7469 1.6378 7.0855
0.0017862 10.75 3445.9 0.32102 0.74694 1.6378 7.0846
0.0017862 10.751 3444.3 0.32102 0.74691 1.6378 7.0848
0.0017866 10.747 3454.5 0.321 0.74701 1.6378 7.0835
0.0017874 10.742 3474.6 0.32106 0.7474 1.6377 7.081
0.0017875 10.741 3477.4 0.321 0.74728 1.6377 7.0807
0.0017881 10.736 3493.4 0.32089 0.74721 1.6377 7.0786
0.0017881 10.736 3494.7 0.3209 0.74723 1.6377 7.0785
0.0017886 10.732 3507.5 0.32086 0.7473 1.6377 7.0769
0.0017892 10.728 3522.5 0.32082 0.74738 1.6377 7.075
0.0017895 10.725 3530.1 0.32074 0.74725 1.6377 7.074
0.0017897 10.724 3537.4 0.32078 0.74746 1.6376 7.0732
0.00179 10.722 3543.9 0.32078 0.74752 1.6376 7.0724
0.0017904 10.717 3556.2 0.32045 0.74678 1.6377 7.0707
0.0017904 10.719 3554.2 0.32074 0.74756 1.6376 7.0711
0.0017905 10.718 3557.1 0.32073 0.74757 1.6376 7.0708
0.0017906 10.717 3560.3 0.32069 0.74748 1.6376 7.0705
0.0017908 10.715 3565.7 0.32072 0.74764 1.6376 7.0697
0.001791 10.714 3571.8 0.32071 0.74769 1.6376 7.069
0.0017915 10.711 3584.1 0.32067 0.74774 1.6376 7.0676
0.0017917 10.709 3590.3 0.32066 0.74777 1.6375 7.0668
0.0017919 10.707 3596.1 0.32065 0.74781 1.6375 7.0662
0.0017921 10.705 3602 0.3206 0.74778 1.6375 7.0654
0.0017923 10.704 3607.3 0.32068 0.74801 1.6375 7.0649
0.0017926 10.702 3616.4 0.32054 0.74775 1.6375 7.0637
0.0017928 10.701 3621 0.32059 0.74794 1.6375 7.0632
0.0017929 10.7 3623.3 0.32058 0.74795 1.6375 7.063
0.0017931 10.698 3630.7 0.32057 0.748 1.6375 7.0621
0.0017932 10.698 3631 0.32056 0.74799 1.6375 7.0621
0.0017933 10.697 3635.5 0.32056 0.74803 1.6374 7.0617
0.0017936 10.695 3643.2 0.32053 0.74806 1.6374 7.0607
0.0017939 10.692 3651.6 0.32052 0.74811 1.6374 7.0597
0.001794 10.692 3655.4 0.3205 0.74812 1.6375 7.0593
0.0017942 10.69 3661 0.3205 0.74816 1.6374 7.0586
0.0017946 10.686 3672.6 0.32017 0.74742 1.6375 7.0571
0.0017948 10.684 3678.8 0.32016 0.74745 1.6374 7.0564
0.0017948 10.686 3676.4 0.32046 0.74824 1.6374 7.0569
0.0017948 10.686 3676.7 0.32046 0.74824 1.6374 7.0568
0.0017948 10.686 3676.9 0.32046 0.74823 1.6374 7.0568
0.0017949 10.685 3679.5 0.32039 0.74809 1.6374 7.0565
0.0017949 10.685 3680.4 0.32039 0.74809 1.6374 7.0564
0.001795 10.684 3682.9 0.32045 0.7483 1.6374 7.0563
0.0017952 10.683 3688.7 0.32043 0.74831 1.6374 7.0555
0.0017953 10.682 3691.7 0.32042 0.74832 1.6374 7.0552
0.0017958 10.677 3706.2 0.32009 0.74759 1.6374 7.0533
0.001796 10.676 3712.2 0.32025 0.74809 1.6374 7.0528
0.001796 10.677 3710.8 0.32037 0.7484 1.6373 7.053
0.001796 10.677 3712.2 0.32038 0.74842 1.6373 7.0529
0.0017963 10.674 3721.1 0.32036 0.74848 1.6373 7.0519
0.0017963 10.674 3721.8 0.32038 0.74855 1.6373 7.052
0.0017964 10.674 3725 0.32032 0.74836 1.6373 7.0521
0.0017966 10.672 3730 0.32034 0.74852 1.6373 7.0509
0.0017967 10.671 3732.9 0.32031 0.74848 1.6373 7.0506
0.0017972 10.668 3746.1 0.3203 0.74858 1.6373 7.0492
0.0017973 10.667 3748.8 0.32024 0.74845 1.6373 7.0488
0.0017973 10.667 3750.3 0.32029 0.74862 1.6372 7.0487
0.0017973 10.667 3750.5 0.32023 0.74845 1.6373 7.0487
0.0017976 10.665 3759.6 0.32027 0.74867 1.6372 7.0477
0.0017979 10.662 3769.3 0.32025 0.74871 1.6372 7.0467
0.001798 10.662 3769.9 0.32026 0.74876 1.6372 7.0466
0.0017981 10.66 3774.4 0.31994 0.74795 1.6373 7.0459
0.0017981 10.661 3775.3 0.32024 0.74875 1.6372 7.0461
0.0017982 10.66 3777.2 0.32024 0.74876 1.6372 7.0458
0.0017985 10.658 3785.3 0.32021 0.74878 1.6372 7.045
0.0017985 10.658 3786 0.32022 0.7488 1.6372 7.0449
0.0017987 10.657 3792.7 0.3202 0.74883 1.6372 7.0442
0.0017987 10.657 3792.9 0.3202 0.74884 1.6372 7.0442
0.0017989 10.656 3798 0.32019 0.74885 1.6372 7.0438
0.001799 10.654 3802.3 0.32018 0.74888 1.6372 7.0432
0.001799 10.655 3799.6 0.32018 0.74886 1.6372 7.0435
0.0017994 10.652 3813.2 0.32015 0.74892 1.6371 7.042
0.0017995 10.65 3817.5 0.31985 0.74816 1.6372 7.0414
0.0017997 10.649 3821.5 0.31984 0.74817 1.6372 7.0409
0.0018004 10.644 3845 0.32 0.74884 1.6371 7.0387
0.0018006 10.643 3848.5 0.32008 0.74911 1.6371 7.0383
0.0018007 10.642 3852.6 0.32007 0.74912 1.6371 7.0379
0.0018008 10.641 3857.3 0.32006 0.74915 1.6371 7.0374
0.0018011 10.639 3865.3 0.32005 0.74919 1.6371 7.0366
0.0018012 10.638 3869.5 0.32003 0.74919 1.6371 7.0362
0.0018015 10.635 3879.2 0.31977 0.74858 1.6371 7.035
0.0018016 10.635 3881.2 0.31995 0.74909 1.6371 7.035
0.0018016 10.635 3881.5 0.32001 0.74926 1.637 7.035
0.0018017 10.635 3882.9 0.31995 0.74911 1.637 7.0348
0.0018017 10.635 3883.9 0.31994 0.7491 1.6371 7.0347
0.0018019 10.633 3890.9 0.31999 0.74931 1.637 7.034
0.0018022 10.63 3900.1 0.31999 0.74939 1.637 7.0331
0.0018024 10.629 3905.5 0.31998 0.74943 1.637 7.0325
0.0018029 10.626 3921.7 0.31993 0.74945 1.637 7.031
0.0018031 10.624 3928.3 0.31992 0.74949 1.637 7.0303
0.0018031 10.624 3929.7 0.31991 0.74949 1.637 7.0302
0.0018032 10.624 3932.1 0.3199 0.74949 1.6369 7.0299
0.0018033 10.623 3933.5 0.31991 0.74951 1.6369 7.0298
0.0018033 10.623 3934.1 0.3199 0.7495 1.6369 7.0298
0.0018034 10.622 3937.1 0.31983 0.74935 1.637 7.0292
0.0018034 10.623 3936.4 0.3199 0.74952 1.637 7.0295
0.0018038 10.619 3952.1 0.31987 0.7496 1.6369 7.028
0.0018039 10.619 3952.7 0.31985 0.74954 1.6369 7.0278
0.0018039 10.619 3955.2 0.31986 0.74961 1.6369 7.0277
0.001804 10.618 3956.9 0.31985 0.7496 1.6369 7.0275
0.0018041 10.617 3961.2 0.31985 0.74964 1.6369 7.0271
0.0018045 10.614 3972.2 0.31953 0.74888 1.637 7.0258
0.0018051 10.61 3991.5 0.31979 0.74978 1.6369 7.0242
0.0018053 10.608 4001.1 0.31971 0.74965 1.6369 7.0232
0.0018053 10.609 3999.5 0.31974 0.74971 1.6369 7.0234
0.0018054 10.608 4001.9 0.31972 0.74969 1.6369 7.0231
0.0018056 10.607 4009.7 0.31971 0.74971 1.6368 7.0225
0.0018056 10.608 4007.9 0.31966 0.74957 1.6369 7.0226
0.0018057 10.606 4012 0.31945 0.74905 1.637 7.022
0.0018058 10.605 4014.4 0.31975 0.74987 1.6368 7.022
0.001806 10.604 4022.2 0.31978 0.75005 1.6368 7.0213
0.001806 10.604 4022.4 0.31972 0.74991 1.6368 7.0212
0.001806 10.604 4022.4 0.31973 0.7499 1.6368 7.0212
0.0018061 10.603 4025.7 0.31972 0.74992 1.6368 7.0209
0.0018062 10.602 4027.9 0.31961 0.74966 1.6368 7.0206
0.0018066 10.599 4043.6 0.31969 0.75001 1.6368 7.0192
0.0018069 10.597 4051.2 0.31967 0.75003 1.6368 7.0185
0.001807 10.598 4057.1 0.31974 0.75027 1.6368 7.0181
0.0018071 10.595 4060.5 0.31936 0.74927 1.6368 7.0175
0.0018071 10.596 4060.8 0.31966 0.75008 1.6368 7.0177
0.0018074 10.593 4070.9 0.31968 0.75024 1.6367 7.0167
0.0018076 10.592 4075.5 0.31965 0.75017 1.6366 7.0163
0.0018076 10.592 4077.6 0.31962 0.75015 1.6367 7.0161
0.0018077 10.592 4079.1 0.31962 0.75013 1.6367 7.0161
0.0018078 10.591 4082.6 0.31961 0.75017 1.6367 7.0156
0.0018081 10.589 4092.4 0.31959 0.75021 1.6367 7.0148
0.0018082 10.588 4095.9 0.31959 0.75022 1.6367 7.0144
0.0018084 10.586 4103.7 0.31958 0.75027 1.6367 7.0137
0.0018086 10.585 4110.6 0.31956 0.75029 1.6367 7.013
0.0018088 10.585 4117.4 0.31963 0.75053 1.6367 7.0126
0.0018089 10.583 4120.9 0.31955 0.75035 1.6367 7.0122
0.001809 10.582 4124.2 0.31924 0.74953 1.6368 7.0117
0.001809 10.582 4124.3 0.31949 0.75023 1.6367 7.0119
0.0018093 10.58 4134.5 0.31952 0.75039 1.6367 7.011
0.0018095 10.578 4141.1 0.31953 0.75048 1.6366 7.0104
0.0018095 10.578 4141.7 0.31951 0.75043 1.6366 7.0103
0.0018097 10.577 4148.1 0.31949 0.75045 1.6366 7.0097
0.0018098 10.576 4152.3 0.31948 0.75046 1.6366 7.0094
0.0018099 10.576 4155.2 0.31948 0.75048 1.6366 7.0091
0.0018102 10.574 4166.9 0.31945 0.75051 1.6366 7.0081
0.0018103 10.573 4169.1 0.31946 0.75055 1.6366 7.0079
0.0018104 10.572 4173.5 0.31944 0.75054 1.6366 7.0075
0.0018105 10.571 4175.8 0.3192 0.7499 1.6367 7.0071
0.0018105 10.571 4176.9 0.3192 0.74992 1.6367 7.007
0.0018105 10.572 4175.3 0.31944 0.75057 1.6366 7.0074
0.0018106 10.571 4180.5 0.31943 0.75058 1.6366 7.0069
0.0018107 10.57 4184.6 0.31943 0.7506 1.6366 7.0065
0.0018108 10.569 4187.4 0.31942 0.75062 1.6366 7.0063
0.0018109 10.568 4189.9 0.31943 0.75068 1.6366 7.006
0.0018109 10.569 4189.3 0.31942 0.75063 1.6366 7.0061
0.0018111 10.567 4197.5 0.3194 0.75065 1.6366 7.0054
0.0018111 10.567 4197.6 0.31941 0.75067 1.6366 7.0054
0.0018115 10.565 4211.4 0.31953 0.75109 1.6365 7.0043
0.0018116 10.564 4214.6 0.31938 0.75076 1.6366 7.0039
0.0018118 10.562 4224.4 0.3194 0.75088 1.6366 7.0033
0.0018119 10.561 4228.6 0.31939 0.7509 1.6365 7.0028
0.001812 10.561 4230 0.31928 0.75062 1.6365 7.0026
0.001812 10.561 4230 0.3193 0.75065 1.6365 7.0027
0.0018124 10.558 4243.5 0.31931 0.75081 1.6365 7.0015
0.0018124 10.558 4245.7 0.31926 0.75068 1.6365 7.0013
0.0018124 10.558 4246.1 0.31926 0.75068 1.6365 7.0012
0.0018128 10.555 4258.3 0.31932 0.75095 1.6365 7.0003
0.0018131 10.553 4270.6 0.31927 0.75094 1.6365 6.9992
0.0018132 10.553 4273 0.31927 0.75096 1.6365 6.999
0.0018133 10.552 4278.1 0.31926 0.75097 1.6365 6.9986
0.0018135 10.55 4286 0.31925 0.75102 1.6365 6.9979
0.0018137 10.548 4294.4 0.31917 0.75088 1.6365 6.9972
0.0018137 10.549 4292.8 0.31924 0.75104 1.6364 6.9974
0.0018139 10.547 4301.5 0.31922 0.75107 1.6364 6.9966
0.001814 10.545 4305.6 0.31892 0.7503 1.6365 6.9961
0.0018141 10.545 4309.1 0.3192 0.75108 1.6364 6.9961
0.0018142 10.545 4309.8 0.31921 0.75111 1.6364 6.9959
0.0018146 10.543 4326.8 0.31918 0.75117 1.6364 6.9946
0.0018148 10.536 4332.6 0.31912 0.75113 1.6362 6.9936
0.0018148 10.541 4335.3 0.31916 0.75118 1.6364 6.9939
0.0018148 10.541 4335.5 0.31917 0.75123 1.6364 6.9939
0.0018151 10.539 4346.5 0.31914 0.75123 1.6364 6.993
0.0018153 10.537 4353.7 0.31913 0.75126 1.6364 6.9924
0.0018153 10.538 4351.3 0.31912 0.75121 1.6364 6.9926
0.0018154 10.537 4355.2 0.31913 0.75128 1.6364 6.9923
0.0018156 10.535 4363.9 0.31904 0.75111 1.6364 6.9915
0.0018156 10.535 4365.3 0.31905 0.75115 1.6364 6.9914
0.0018156 10.535 4366 0.31911 0.75131 1.6363 6.9914
0.0018156 10.537 4364.5 0.31916 0.75141 1.6364 6.9916
0.0018157 10.535 4368 0.31911 0.75133 1.6364 6.9913
0.0018158 10.533 4372.6 0.31906 0.7512 1.6362 6.9909
0.0018158 10.534 4373.5 0.31881 0.75054 1.6364 6.9907
0.001816 10.532 4381.4 0.31909 0.75137 1.6363 6.9902
0.001816 10.533 4379.5 0.31909 0.75136 1.6363 6.9903
0.0018161 10.532 4382.8 0.31909 0.75138 1.6363 6.9901
0.0018163 10.531 4389.3 0.31908 0.75141 1.6363 6.9896
0.0018164 10.53 4395.8 0.319 0.75126 1.6363 6.989
0.0018166 10.529 4401 0.31906 0.75145 1.6363 6.9886
0.0018167 10.528 4406.7 0.31905 0.75147 1.6363 6.9882
0.0018169 10.526 4414.5 0.31904 0.75151 1.6363 6.9876
0.0018171 10.524 4421.1 0.31902 0.75153 1.6362 6.987
0.0018171 10.525 4421 0.31893 0.75128 1.6363 6.987
0.0018178 10.52 4450.7 0.31898 0.75164 1.6362 6.9848
0.0018179 10.519 4455.4 0.31897 0.75166 1.6362 6.9844
0.0018179 10.52 4452.1 0.31897 0.75162 1.6363 6.9847
0.0018181 10.518 4460.8 0.31896 0.75166 1.6362 6.984
0.0018182 10.517 4467.2 0.31895 0.7517 1.6362 6.9835
0.0018184 10.516 4472.7 0.31894 0.75171 1.6362 6.9831
0.0018186 10.515 4479.6 0.31893 0.75172 1.6362 6.9827
0.0018188 10.513 4489.3 0.31891 0.75177 1.6362 6.9818
0.0018188 10.514 4487.6 0.31893 0.75179 1.6362 6.982
0.0018189 10.512 4492.3 0.3189 0.75175 1.6362 6.9816
0.0018189 10.512 4493.8 0.31891 0.75179 1.6362 6.9815
0.0018189 10.512 4495.4 0.3189 0.75179 1.6362 6.9814
0.0018191 10.511 4503.4 0.31889 0.75183 1.6362 6.9808
0.0018192 10.51 4505 0.31886 0.75176 1.6362 6.9807
0.0018194 10.509 4514 0.31888 0.75186 1.6362 6.98
0.0018196 10.507 4523.7 0.3188 0.75173 1.6362 6.9792
0.0018196 10.507 4523.7 0.31886 0.7519 1.6362 6.9792
0.00182 10.505 4538.2 0.31884 0.75195 1.6361 6.9782
0.0018201 10.504 4542.5 0.31877 0.7518 1.6362 6.9778
0.0018202 10.504 4544.9 0.31883 0.75197 1.6361 6.9777
0.0018203 10.502 4548.3 0.31881 0.75199 1.6362 6.9774
0.0018204 10.502 4554.6 0.31881 0.752 1.6361 6.977
0.0018207 10.5 4567.3 0.3188 0.75206 1.6361 6.976
0.0018208 10.499 4570.3 0.31879 0.75206 1.6361 6.9758
0.001821 10.498 4577.1 0.31878 0.75208 1.6361 6.9753
0.0018212 10.496 4587.6 0.31873 0.75203 1.636 6.9745
0.0018213 10.495 4591.7 0.31844 0.75127 1.6362 6.974
0.0018215 10.495 4599.3 0.31876 0.75221 1.6361 6.9737
0.0018217 10.492 4608.4 0.31844 0.75138 1.6361 6.9728
0.0018217 10.493 4609.5 0.31866 0.752 1.6361 6.973
0.0018219 10.492 4617.8 0.31872 0.75222 1.6361 6.9724
0.0018222 10.489 4627.5 0.31844 0.75151 1.6361 6.9717
0.0018223 10.489 4634.2 0.31869 0.75228 1.636 6.9712
0.0018225 10.488 4640.3 0.31868 0.75229 1.636 6.9708
0.0018227 10.483 4652.7 0.3184 0.75166 1.636 6.9695
0.0018227 10.486 4649.5 0.31867 0.75233 1.636 6.9701
0.0018228 10.486 4653.9 0.31866 0.75233 1.636 6.9698
0.0018229 10.485 4658 0.31865 0.75235 1.636 6.9695
0.0018232 10.483 4671.9 0.31864 0.7524 1.636 6.9686
0.0018233 10.482 4676.2 0.31857 0.75225 1.636 6.9682
0.0018234 10.48 4681.7 0.31863 0.75249 1.636 6.9678
0.0018235 10.48 4685.5 0.31832 0.75164 1.6361 6.9674
0.0018238 10.478 4699.9 0.31849 0.7522 1.636 6.9666
0.0018238 10.479 4699.4 0.31859 0.75245 1.636 6.9668
0.0018241 10.477 4711.6 0.31862 0.75261 1.6359 6.9659
0.0018245 10.474 4726.7 0.31856 0.75257 1.6359 6.9648
0.0018245 10.474 4727.4 0.31856 0.75259 1.6359 6.9648
0.0018246 10.473 4732.6 0.31855 0.75261 1.6359 6.9644
0.0018246 10.473 4734.5 0.31855 0.75261 1.6359 6.9643
0.001825 10.47 4751.8 0.31853 0.75267 1.6359 6.9631
0.0018251 10.469 4756.1 0.31852 0.75268 1.6359 6.9628
0.0018252 10.469 4757.7 0.3185 0.75264 1.6359 6.9628
0.0018255 10.467 4773.2 0.31849 0.75274 1.6359 6.9616
0.0018256 10.466 4775.5 0.31849 0.75274 1.6359 6.9615
0.0018258 10.465 4788.1 0.31847 0.75279 1.6359 6.9606
0.0018259 10.464 4791.4 0.31847 0.75279 1.6359 6.9604
0.0018259 10.464 4792.1 0.31846 0.75278 1.6359 6.9604
0.001826 10.464 4795.1 0.31846 0.75281 1.6359 6.9602
0.0018261 10.463 4798.6 0.31847 0.75285 1.6359 6.9602
0.0018261 10.463 4800.1 0.31845 0.75282 1.6359 6.9599
0.0018262 10.462 4801.9 0.31846 0.75285 1.6358 6.9597
0.0018262 10.462 4805.5 0.31838 0.75265 1.6359 6.9594
0.0018263 10.461 4808.9 0.31845 0.75285 1.6359 6.9593
0.0018264 10.46 4814.9 0.31844 0.75287 1.6359 6.9588
0.0018264 10.461 4814.6 0.31844 0.75287 1.6359 6.9589
0.0018266 10.459 4821.9 0.31843 0.75289 1.6358 6.9584
0.0018268 10.458 4831.5 0.31841 0.75292 1.6358 6.9578
0.0018269 10.458 4834.1 0.31841 0.75293 1.6358 6.9576
0.0018272 10.455 4847.3 0.31837 0.75288 1.6358 6.9568
0.0018272 10.456 4847.2 0.31839 0.75298 1.6359 6.9567
0.0018272 10.456 4849.6 0.31846 0.75321 1.6359 6.9566
0.0018273 10.455 4854.9 0.31838 0.75298 1.6359 6.9563
0.0018278 10.451 4877.3 0.31834 0.75304 1.6358 6.9548
0.0018278 10.451 4878.9 0.31831 0.75297 1.6358 6.9547
0.0018279 10.449 4882.5 0.3185 0.75348 1.6355 6.9548
0.0018279 10.45 4882.5 0.31834 0.75308 1.6358 6.9545
0.0018279 10.451 4880.8 0.31835 0.75307 1.6358 6.9546
0.001828 10.45 4888.3 0.31834 0.75309 1.6358 6.9541
0.001828 10.45 4888.4 0.31834 0.75309 1.6358 6.9541
0.0018281 10.449 4889.6 0.31835 0.75315 1.6357 6.954
0.0018281 10.449 4889.9 0.31833 0.7531 1.6358 6.954
0.0018284 10.447 4905.1 0.31831 0.75314 1.6358 6.953
0.0018285 10.447 4908.5 0.31831 0.75316 1.6357 6.9529
0.0018287 10.445 4920.3 0.31834 0.75335 1.6358 6.9521
0.0018289 10.444 4929 0.31829 0.75322 1.6357 6.9515
0.0018289 10.444 4930.5 0.31828 0.75322 1.6357 6.9515
0.0018291 10.442 4937.7 0.31821 0.75308 1.6358 6.951
0.0018292 10.442 4940.6 0.31827 0.75325 1.6357 6.9508
0.0018293 10.441 4945.8 0.31826 0.75327 1.6357 6.9505
0.0018293 10.441 4948.6 0.31828 0.75333 1.6357 6.9504
0.0018295 10.44 4958.3 0.31824 0.75331 1.6357 6.9497
0.0018296 10.439 4959.8 0.31824 0.75331 1.6357 6.9496
0.0018296 10.439 4960.2 0.31824 0.75331 1.6357 6.9496
0.0027618 13.212 600.47 1.3036 2.9729 1.5948e-06 9.3682
0.018805 401.66 1289.7 52.614 87.532 1.259e-06 28.831