0.002686 16.795 503.51 1.5796 3.2926 10.177
0.0026891 17.126 483.81 1.5928 3.2827 10.322
0.002692 14.429 726.06 1.4811 3.3883 9.1355
0.0026926 14.406 730.46 1.4802 3.3903 9.1219
0.0027177 13.449 900.6 1.4365 3.4399 8.6987
0.0027228 13.322 931.65 1.4308 3.4485 8.6397
0.0027632 21.21 332.79 1.7371 3.179 12.141
0.0028434 11.495 1808.5 1.34 3.5762 7.8102
0.0028453 11.479 1826.6 1.3394 3.5788 7.8017
0.0028501 11.432 1874.6 1.337 3.5834 7.7796
0.0028686 11.259 2073.8 1.3279 3.5987 7.6988
0.0028763 11.19 2165.4 1.3243 3.605 7.6667
0.0028824 11.138 2242.1 1.3216 3.6103 7.642
0.0028864 11.099 2293.9 1.3192 3.612 7.6257
0.0028909 11.066 2353.6 1.3172 3.615 7.6087
0.002912 10.896 2672.4 1.308 3.6312 7.529
0.0029278 10.779 2954.4 1.302 3.6446 7.4729
0.0029313 10.755 3021.6 1.3009 3.6481 7.4613
0.002932 10.746 3037 1.3006 3.6493 7.4578
0.0029328 10.743 3051.8 1.3002 3.6486 7.4558
0.0029347 10.729 3091.3 1.2995 3.6502 7.4492
0.0029425 10.674 3259.2 1.2964 3.6557 7.423
0.0029473 10.639 3372.1 1.2941 3.6579 7.4069
0.0029475 10.638 3376.8 1.2944 3.6593 7.4061
0.0029482 10.634 3391.8 1.2941 3.6595 7.4042
0.0029486 10.632 3401.2 1.2941 3.6601 7.403
0.0029512 10.612 3466.5 1.293 3.6618 7.3943
0.0029712 10.48 4028.8 1.2856 3.676 7.3309
0.0029712 10.481 4028.6 1.2856 3.676 7.331
0.0029813 10.416 4375.1 1.2821 3.6835 7.3
0.0029828 10.405 4431 1.2811 3.6828 7.2955
0.0029828 10.406 4432.4 1.2817 3.6854 7.2953
0.0029853 10.391 4525.6 1.2807 3.6863 7.288
0.0029858 10.388 4545.7 1.2806 3.6867 7.2865
0.0029872 10.38 4601.2 1.2799 3.6868 7.2827
0.0029911 10.355 4763.2 1.2787 3.6903 7.2707
0.0029921 10.35 4805.6 1.2784 3.691 7.2679
0.0029931 10.342 4851.8 1.2776 3.6905 7.2648
0.009713 12.853 4934.2 5.5019 389.86 5.8795
0.0097457 13.267 3705.8 5.7235 374.02 5.9744
0.0097612 12.861 4977.4 5.5359 456.06 5.8706
0.0097612 13.01 4395.5 5.6063 428.57 5.9087
0.0097739 13.56 3140.5 5.8884 367.93 6.0417
0.0097803 13.118 4100 5.6725 439.11 5.9312
0.0097807 12.885 4951.3 5.5581 487.26 5.8705
0.0097922 12.988 4561.1 5.6149 485.9 5.8937
0.0097928 13.111 4148.9 5.6769 461.01 5.9251
0.0097989 13.092 4167.1 5.6712 472.12 5.9215
0.0098021 12.972 4583.2 5.6155 505.28 5.8899
0.0098034 12.851 4990.1 5.5606 533.4 5.8626
0.0098035 12.929 4776.8 5.5919 520.41 5.8779
0.0098108 12.988 4570.4 5.6262 521.42 5.8904
0.0098123 13.195 3920.2 5.7325 476.68 5.9428
0.0098177 12.869 4992.8 5.5755 565.5 5.8616
0.0098189 13.045 4357.6 5.6605 522.57 5.9045
0.0098271 12.919 4847.4 5.604 577.95 5.8703
0.0098321 13.79 2890.3 6.0328 411.93 6.079
0.0098344 12.928 4776.8 5.6136 590.81 5.8724
0.009835 12.905 4981.9 5.5955 608.85 5.862
0.0098363 13.46 3351.8 5.8784 465.69 6.0036
0.0098548 13.108 4236.7 5.715 594.14 5.9101
0.0098633 13.083 4277.3 5.7078 621.74 5.9042
0.0098664 13.236 3798 5.7887 574.56 5.9453
0.0098707 13.423 3458.2 5.8849 542.16 5.9856
0.0098724 12.892 4998.3 5.6168 733.5 5.8543
0.009873 13.118 4201 5.7278 641.43 5.9094
0.0098767 13.343 3643.6 5.8471 580.28 5.9639
0.0098778 13.238 3907.7 5.7939 618 5.9371
0.0098794 13.629 3115.6 5.9949 513.62 6.0326
0.0098815 13.088 4280.4 5.7224 678.54 5.9015
0.0098821 12.993 4643.8 5.673 728.61 5.8758
0.009886 14.359 2296.2 6.3761 401.52 6.2078
0.009887 12.942 4813 5.6522 771.18 5.8636
0.0098908 13.041 4465.5 5.7055 738.47 5.8865
0.0098935 12.897 4995 5.6341 826.84 5.8514
0.0098952 12.98 4664.7 5.6738 786.36 5.8714
0.0098985 12.994 4658.3 5.6853 800.6 5.8727
0.0098989 13.521 3318 5.9511 587.8 6.0012
0.0099013 12.947 4813.2 5.6653 839.15 5.8616
0.0099014 12.903 4985.2 5.6415 866.91 5.8509
0.0099015 13.179 4145.3 5.783 731.6 5.9138
0.0099037 13.181 4075 5.7842 728.56 5.9176
0.0099047 13.276 3855.5 5.8332 695.08 5.939
0.009906 13.081 4351.4 5.7343 784.9 5.8935
0.0099064 13.194 4007.4 5.7914 727.56 5.9217
0.0099068 14.858 1955 6.6483 367.32 6.3227
0.0099069 13.071 4369.6 5.731 792.12 5.8915
0.0099069 13.416 3508.9 5.9027 642.36 5.9749
0.0099081 13.069 4377.8 5.7292 799.28 5.8904
0.0099096 12.893 4997.3 5.6425 916.48 5.8481
0.0099098 13.099 4296.5 5.7464 792.46 5.897
0.0099125 13.773 2937.7 6.0886 554.11 6.0583
0.0099145 14.332 2303.8 6.3813 440.1 6.1976
0.0099154 13.292 3760.9 5.8472 716.98 5.9443
0.0099169 13.192 4060.7 5.7972 780.85 5.9167
0.0099183 13.09 4380.3 5.7465 850.27 5.8903
0.0099188 13.618 3147.4 6.0169 609.45 6.0222
0.0099191 13.071 4386.4 5.7377 855.97 5.8883
0.0099198 13.301 3745.4 5.8568 730.81 5.9458
0.0099203 13.118 4231.5 5.7665 830.72 5.9007
0.0099212 13.761 2947.3 6.0917 576.22 6.055
0.0099251 12.936 4938.7 5.6703 1009.8 5.8512
0.0099255 13.036 4520.8 5.7235 920.86 5.8781
0.0099316 12.913 4996.1 5.6663 1074.2 5.8464
0.009933 13.153 4195.5 5.7878 891.2 5.9036
0.0099352 13.057 4451.1 5.7416 967.39 5.8815
0.0099366 13.142 4145.8 5.7904 900.62 5.9042
0.0099377 13.381 3589.5 5.9075 770.1 5.9603
0.0099379 13.036 4514.3 5.7346 1002.2 5.8767
0.0099381 13.168 4134.8 5.7984 906.77 5.9073
0.0099382 13 4602.9 5.7157 1027.7 5.8685
0.0099436 13.453 3480.6 5.9522 768.67 5.9745
0.0099477 13.033 4619 5.7351 1111 5.8697
0.0099497 13.11 4323.6 5.777 1038 5.8904
0.0099498 13.244 3934.4 5.8457 923.93 5.9229
0.00995 13.369 3641.2 5.9102 841.81 5.9536
0.0099521 13.035 4517.6 5.7469 1119.1 5.8744
0.0099521 14.278 2395.1 6.3844 522.96 6.1717
0.0099523 12.932 4964.9 5.6874 1270.7 5.8459
0.0099532 13.546 3318.6 6.002 766.52 5.9943
0.0099534 13.954 2742.1 6.2136 613.02 6.0914
0.0099538 13.6 3202.2 6.0315 736.86 6.0091
0.0099542 13.261 3886.1 5.8579 936.94 5.9273
0.0099554 13.432 3491.6 5.9481 826.16 5.9696
0.0099574 12.925 4986.8 5.6881 1341.4 5.8436
0.0099576 13.031 4600.1 5.742 1200.3 5.8684
0.0099584 13.348 3721 5.905 911.98 5.9452
0.0099602 13.109 4318.3 5.7835 1125.1 5.8885
0.0099625 12.927 4984.8 5.6926 1410.5 5.843
0.0099638 13.755 3000.3 6.1207 717.65 6.0413
0.0099644 12.927 4989.1 5.693 1440.1 5.8427
0.0099661 13.443 3518.8 5.9573 891.71 5.9668
0.0099681 13.887 2831.8 6.1891 682.63 6.0716
0.0099685 13.833 2864.1 6.1638 693.82 6.0628
0.0099692 12.959 4894.9 5.7106 1471.2 5.8482
0.0099694 13.071 4506.5 5.7697 1297.2 5.8751
0.0099707 14.239 2437 6.3758 574.91 6.1572
0.0099725 12.997 4760.4 5.7335 1456.6 5.856
0.0099737 13.397 3633.6 5.9401 981.08 5.9532
0.0099758 12.98 4791.1 5.7287 1524.8 5.8527
0.0099762 13.288 3865.1 5.8837 1093 5.9266
0.0099773 13.136 4256.9 5.8087 1278.2 5.8917
0.0099775 14.596 2166.2 6.5727 512.66 6.2392
0.0099778 12.947 4950 5.7122 1650 5.8435
0.0099779 13.754 3011 6.1271 778.39 6.0382
0.009978 13.066 4496.1 5.7719 1404.9 5.8731
0.0099781 12.99 4766.1 5.7337 1551.3 5.8547
0.0099782 15.251 1797.2 6.9217 413.03 6.3909
0.0099787 13.154 4239.6 5.817 1286.3 5.8928
0.0099788 13.025 4633.6 5.7526 1489.4 5.8634
0.009979 13.033 4579.8 5.7564 1464.3 5.8662
0.0099793 13.563 3275.3 6.0305 880.5 5.9955
0.0099802 14.909 1959.8 6.7394 459.49 6.3138
0.0099805 13.005 4808.2 5.7418 1617.8 5.8539
0.0099805 14.154 2516.8 6.3393 624.45 6.1355
0.0099807 15.348 1742.1 6.9736 401.76 6.4161
0.0099829 12.982 4797.7 5.7338 1659 5.8524
0.0099839 13.141 4300.9 5.8148 1384.8 5.8885
0.0099841 12.96 4970.2 5.7264 1798.5 5.8433
0.0099841 13.707 3051.9 6.1094 821.63 6.0286
0.0099845 13.282 3924.4 5.8854 1197.9 5.9212
0.0099865 13.123 4312.9 5.8084 1428.8 5.8857
0.0099867 12.939 4991.4 5.7132 1876.7 5.8393
0.0099868 13.366 3664.6 5.9351 1096.4 5.9451
0.0099868 13.637 3170.1 6.0739 882.16 6.0104
0.0099868 13.676 3098 6.0935 853.33 6.0209
0.009987 13.234 3998.1 5.8655 1262.7 5.9125
0.0099871 12.932 4985.3 5.7125 1883.5 5.839
0.0099871 14.268 2417.4 6.4068 610.88 6.1607
0.0099883 13.234 3997.8 5.8679 1277.9 5.9122
0.0099895 13.456 3520 5.9822 1051.1 5.9641
0.0099897 13.091 4416.4 5.7952 1542.5 5.8768
0.009991 12.997 4810.2 5.7463 1846.5 5.8513
0.0099913 14 2694.4 6.2671 719.98 6.0951
0.0099915 12.942 4986.4 5.7175 2004 5.8398
0.0099925 13.048 4622.5 5.778 1738 5.8642
0.0099926 13.123 4437.3 5.8081 1608.2 5.8786
0.0099936 13.881 2829.3 6.2043 780.31 6.067
0.0099948 12.941 4986.5 5.7203 2104.2 5.8388
0.0099953 13.152 4246.6 5.8327 1525.2 5.8911
0.0099954 12.938 4997.3 5.7183 2131.4 5.8386
0.0099963 13.273 3962.4 5.8937 1357.4 5.9168
0.0099964 13.023 4677.3 5.7626 1874.7 5.8583
0.0099972 13.073 4556.8 5.7877 1794.4 5.8684
0.0099972 13.522 3413.9 6.0175 1061.4 5.9769
0.0099973 13.174 4180.6 5.8415 1514.7 5.8954
0.0099988 13.23 4047.1 5.874 1447.6 5.908
0.010002 13.144 4274.6 5.8294 1674.7 5.8867
0.010002 13.355 3720.6 5.9368 1284.9 5.9381
0.010002 13.419 3614.2 5.9716 1213.8 5.952
0.010003 12.943 4986.1 5.7265 2418.3 5.8377
0.010004 12.949 4914.8 5.733 2341.2 5.8413
0.010004 12.976 4847.9 5.7442 2280.5 5.8461
0.010006 13 4812.8 5.7571 2310.2 5.8494
0.010007 12.948 4986.5 5.731 2576.7 5.837
0.010007 13.105 4406.5 5.8127 1896.8 5.876
0.010008 12.94 4997.3 5.7287 2625.6 5.8361
0.010008 13.048 4724.9 5.784 2261.2 5.8565
0.010008 13.081 4522.4 5.8009 2035.5 5.8689
0.010008 13.343 3771.6 5.9419 1396 5.9337
0.010009 12.967 4944.6 5.7419 2591.9 5.8406
0.01001 12.978 4864.4 5.7488 2531.3 5.8442
0.01001 13.437 3558 5.9835 1271.1 5.9555
0.010011 13.058 4617.2 5.7913 2257.8 5.8618
0.010011 13.066 4521 5.7945 2142.5 5.8664
0.010013 12.933 4997.3 5.7282 2949.5 5.8345
0.010013 12.943 4986.5 5.7341 2875.9 5.8361
0.010013 13.123 4398.6 5.8258 2056.8 5.8776
0.010013 13.171 4258.1 5.8465 1917.5 5.8883
0.010013 13.248 3999.3 5.8893 1657.1 5.9095
0.010013 13.296 3852.6 5.9145 1534.2 5.923
0.010013 13.482 3502.2 6.0124 1268 5.9637
0.010014 13.178 4188.8 5.8546 1851.7 5.8924
0.010015 13.863 2861.1 6.213 903.42 6.0578
0.010016 12.954 4967.7 5.7401 3051.8 5.837
0.010016 13.109 4446.3 5.8196 2206.4 5.8727
0.010016 13.199 4136.3 5.8676 1851.8 5.8973
0.010016 13.219 4096.4 5.8733 1807 5.9012
0.010016 13.331 3818.3 5.9381 1544.2 5.928
0.010016 13.828 2915.7 6.197 936.5 6.0486
0.010016 14.516 2234.6 6.5601 625.06 6.2107
0.010018 13.003 4785.7 5.7671 2858 5.8484
0.010018 14.006 2699.6 6.2919 840.82 6.0903
0.010019 14.029 2653.7 6.3114 822.13 6.0991
0.01002 12.951 4983.8 5.7408 3403.4 5.8356
0.01002 13.07 4606.1 5.8018 2607 5.8621
0.01002 13.082 4501.2 5.8093 2452 5.8675
0.01002 13.082 4503.7 5.8081 2476 5.867
0.01002 14.747 2089.5 6.6878 578.83 6.2615
0.010021 12.952 4986.3 5.7428 3438.7 5.8362
0.010021 12.963 4985.3 5.7452 3460.5 5.8371
0.010021 12.974 4960.8 5.7564 3431.3 5.8386
0.010021 12.993 4839.5 5.7618 3112.1 5.8445
0.010021 14.665 2162.8 6.6448 610.92 6.2379
0.010022 12.989 4922.8 5.7638 3409.4 5.8412
0.010022 13.087 4499.6 5.812 2516.4 5.8673
0.010023 12.961 4889.9 5.7476 3371.3 5.8397
0.010023 13.002 4882.9 5.769 3376.8 5.8442
0.010023 13.072 4529.6 5.804 2657.6 5.8649
0.010023 13.134 4362.7 5.8371 2357.3 5.8787
0.010023 13.21 4159.6 5.8775 2060.1 5.8957
0.010023 13.254 3995.7 5.8994 1866.8 5.9087
0.010023 13.281 3997.7 5.9126 1873.7 5.9111
0.010024 12.954 4986.4 5.7456 3797.9 5.8351
0.010024 13.06 4564.7 5.8012 2732.9 5.8621
0.010024 13.074 4626.8 5.8031 2864.6 5.8607
0.010024 13.385 3680 5.9695 1572.1 5.9403
0.010025 12.948 4983.4 5.7417 3840.3 5.8344
0.010025 13.094 4470.3 5.8181 2611.2 5.8695
0.010025 13.494 3485.3 6.0272 1409 5.9639
0.010026 13.219 4097.5 5.8845 2081.7 5.8988
0.010026 13.356 3736.4 5.9553 1656.2 5.9335
0.010027 12.993 4922.9 5.7677 3924.5 5.8409
0.010027 13.038 4711.7 5.7888 3233 5.8536
0.010027 13.175 4241.8 5.8647 2340.1 5.8876
0.010027 13.176 4165.6 5.871 2230.5 5.8914
0.010027 13.376 3729.7 5.967 1679.5 5.9358
0.010027 13.443 3554.3 6.0028 1491.7 5.9542
0.010028 12.957 4986.3 5.7509 4203.7 5.8353
0.010028 12.98 4873.7 5.7625 3822.3 5.841
0.010028 12.993 4836.4 5.7687 3687 5.8442
0.010029 13.022 4694.3 5.7855 3406.6 5.8516
0.010029 13.086 4537 5.816 2983.2 5.865
0.01003 12.968 4915 5.76 4181.8 5.8386
0.01003 13.036 4734.9 5.7924 3631.7 5.8521
0.01003 13.053 4615.4 5.8008 3273.5 5.8581
0.01003 13.524 3402 6.0462 1408.6 5.9725
0.01003 14.122 2599.6 6.3542 849.66 6.1121
0.010031 12.951 4997.3 5.748 4753.3 5.8335
0.010031 12.956 4961.9 5.7487 4483.6 5.835
0.010031 12.991 4890.2 5.7728 4252.1 5.8415
0.010031 13.06 4637 5.8071 3411.4 5.8576
0.010031 13.224 4124.8 5.8906 2307.6 5.8977
0.010031 13.512 3431.9 6.0435 1441.1 5.9697
0.010032 12.958 4986.5 5.7526 4776.4 5.8342
0.010032 13.658 3201.2 6.1181 1258.2 6.0022
0.010032 14.011 2696.7 6.3072 912.97 6.0891
0.010033 12.991 4966.2 5.7713 4790.3 5.8385
0.010033 13.04 4662.9 5.7965 3650.1 5.8543
0.010033 13.191 4168.3 5.874 2435.9 5.8912
0.010033 13.238 4084.8 5.898 2289.6 5.9009
0.010033 13.273 3942.8 5.9174 2090.4 5.9118
0.010034 12.921 4946.3 5.7352 4970.1 5.8317
0.010034 12.997 4898.4 5.7736 4760 5.841
0.010034 13.016 4765 5.7835 4107.8 5.8477
0.010034 13.177 4224.8 5.8669 2594.4 5.8872
0.010035 13.038 4736.4 5.7952 4158.5 5.851
0.010035 13.298 3938.8 5.933 2147 5.9143
0.010035 13.49 3469.6 6.0314 1543.5 5.9634
0.010035 13.535 3418.4 6.0555 1500 5.971
0.010036 13.03 4735.2 5.7882 4217.2 5.8501
0.010036 13.068 4576.1 5.8136 3670.9 5.8607
0.010036 13.151 4298.6 5.8534 2862.2 5.8804
0.010036 13.483 3522.6 6.028 1633.8 5.9588
0.010037 13.049 4658.2 5.8051 4025.3 5.8548
0.010037 13.051 4718.6 5.8021 4252.9 5.8528
0.010037 13.11 4499.8 5.8313 3521.7 5.8672
0.010038 13.003 4796.1 5.7809 4900.2 5.8448
0.010038 13.084 4518.9 5.8224 3689.3 5.8638
0.010038 13.21 4182 5.89 2730.5 5.8919
0.010038 13.525 3445.9 6.054 1579.2 5.9676
0.010039 13.05 4634 5.8059 4179 5.8554
0.01004 13.045 4707.2 5.8025 4670.7 5.8517
0.01004 13.09 4541.3 5.8302 3899.3 5.8632
0.01004 13.246 4046.8 5.9105 2550.3 5.9018
0.01004 13.507 3436 6.0462 1607.1 5.9667
0.010041 13.044 4667.8 5.8032 4565.1 5.8533
0.010041 13.049 4686.7 5.8055 4760 5.8534
0.010041 13.561 3365 6.0707 1543 5.9768
0.010042 13.048 4657.7 5.8048 4667.9 5.8539
0.010042 14.964 1963.9 6.8202 581.1 6.307
0.010043 13.135 4365.8 5.8506 3604.3 5.8751
0.010043 13.143 4340.1 5.8554 3529.1 5.8768
0.010043 13.166 4266.3 5.8681 3285.2 5.8827
0.010043 13.208 4183.6 5.8893 3002.9 5.8911
0.010043 14.155 2592.2 6.3833 917.63 6.114
0.010044 13.062 4610.8 5.8109 4835.4 5.8561
0.010044 13.071 4575.6 5.8183 4552.2 5.8592
0.010044 13.08 4595.4 5.8231 4784.9 5.8589
0.010044 13.09 4512 5.8297 4286.6 5.8638
0.010044 13.124 4465.9 5.8435 4064.8 5.8687
0.010044 13.35 3780 5.9649 2183 5.927
0.010045 13.073 4604.7 5.8195 4854.3 5.8583
0.010045 13.112 4422.1 5.8426 3988.6 5.8703
0.010045 13.175 4246.3 5.873 3344.8 5.8837
0.010045 13.2 4238.6 5.8865 3286.3 5.8869
0.010045 13.348 3827.5 5.9693 2306 5.9246
0.010046 13.118 4321.4 5.8508 3735 5.8751
0.010046 13.371 3712.3 5.979 2138.5 5.9332
0.010046 14.196 2542.2 6.4126 903.04 6.1249
0.010047 13.107 4499.4 5.8374 4661.9 5.865
0.010047 13.141 4344.5 5.8574 3918.2 5.8756
0.010047 13.164 4274.5 5.8696 3606.3 5.8814
0.010047 13.164 4303.4 5.8706 3746.2 5.8803
0.010047 13.391 3748.6 5.9812 2240.9 5.9314
0.010047 13.728 3113.9 6.1653 1373.2 6.0139
0.010048 13.856 2900 6.2347 1186.3 6.0474
0.010049 13.104 4483.7 5.8392 4801.2 5.8662
0.010049 13.114 4495.5 5.8491 4915.5 5.8669
0.010049 13.128 4422.3 5.8561 4532.3 5.8706
0.010049 13.772 3014.4 6.1912 1303.1 6.0273
0.010049 14.025 2693.8 6.3249 1025.1 6.0876
0.01005 13.178 4335.2 5.8793 4224.1 5.8796
0.01005 13.234 4081.1 5.9082 3209.6 5.8974
0.01005 13.354 3714.2 5.974 2268.9 5.9309
0.01005 13.472 3561.7 6.0329 1994.4 5.9526
0.010051 13.51 3438.3 6.0563 1847.8 5.9648
0.010051 14.135 2574.4 6.3874 956.62 6.1141
0.010052 13.135 4384.7 5.8565 4826.9 5.8724
0.010052 13.138 4356.8 5.8583 4529 5.874
0.010052 13.173 4260.3 5.8764 4085.4 5.8822
0.010052 13.307 3886.1 5.9493 2752.2 5.9152
0.010052 14.418 2330.4 6.5426 803.31 6.1786
0.010053 13.196 4237.9 5.8912 4123.6 5.8856
0.010054 13.144 4343.7 5.8632 4792.9 5.875
0.010054 13.158 4366.5 5.8714 4945.3 5.8756
0.010054 13.444 3583.2 6.0215 2178.9 5.9473
0.010054 13.669 3202.2 6.1403 1574.7 5.9992
0.010054 14.097 2617.4 6.3681 1006.1 6.1041
0.010055 13.171 4331.7 5.8805 4935.9 5.8779
0.010055 14.023 2706.6 6.3273 1085.8 6.0851
0.010055 14.187 2528.5 6.4157 951.93 6.1242
0.010056 13.326 3862.5 5.9584 2931.5 5.918
0.010056 13.443 3614 6.0196 2299.5 5.9449
0.010057 13.276 3969.4 5.934 3321.7 5.9065
0.010057 13.366 3756.2 5.983 2682 5.9282
0.010057 13.832 2936.7 6.2296 1323.9 6.0401
0.010057 13.834 2933.9 6.2328 1315.5 6.0401
0.010058 13.218 4172.9 5.9053 4455.2 5.8898
0.010058 13.332 3877.7 5.9656 3089.4 5.9175
0.010058 13.416 3683.1 6.0085 2528.6 5.9374
0.010058 13.424 3560.3 6.0138 2276.3 5.9468
0.010059 13.275 4042.2 5.9342 3827.4 5.902
0.010059 13.385 3746.3 5.9911 2759.1 5.9305
0.01006 13.22 4174.2 5.9072 4652.1 5.8897
0.01006 13.475 3531.8 6.0415 2283.4 5.9526
0.010062 14.056 2688.2 6.3516 1129.5 6.0888
0.010063 13.273 3993.5 5.9367 4015.4 5.9037
0.010063 13.723 3107.3 6.1755 1618.1 6.011
0.010064 13.254 4055.6 5.9262 4484 5.8984
0.010064 13.615 3295.6 6.1157 1933.3 5.9842
0.010065 13.286 3964.7 5.9488 4110.5 5.9063
0.010067 13.279 4019.4 5.9436 4740.4 5.9025
0.010067 13.289 3961.8 5.949 4395.4 5.9063
0.010067 13.328 3855.8 5.972 3736.5 5.9165
0.010067 13.658 3230 6.1439 1892.9 5.9931
0.010068 13.314 3894.9 5.9658 4124.8 5.9125
0.010068 13.354 3825.5 5.9791 3662.8 5.9199
0.010069 13.275 3992.4 5.9408 4872.7 5.9028
0.010069 13.312 3925.3 5.9674 4423.1 5.911
0.010069 13.349 3811.7 5.9817 3756.9 5.9207
0.01007 13.346 3818.8 5.9803 3846.2 5.9199
0.01007 13.383 3741.3 6 3517 5.9277
0.01007 13.737 3055.9 6.1865 1673.6 6.0166
0.010071 13.315 3930.2 5.9645 4723.3 5.9098
0.010071 13.334 3850 5.9766 4141.2 5.9173
0.010071 13.353 3807.3 5.9849 3870.8 5.9212
0.010071 13.424 3646.8 6.0228 3205.4 5.9382
0.010072 13.312 3908.4 5.9629 4733.8 5.9109
0.010072 13.436 3621.3 6.029 3115.5 5.941
0.010072 13.442 3645.6 6.0323 3266.3 5.9401
0.010072 13.583 3362.6 6.1086 2336.2 5.9745
0.010072 13.717 3121.2 6.1791 1820.3 6.0079
0.010072 13.804 3004 6.2194 1635 6.0272
0.010072 14.168 2560.6 6.4196 1101.9 6.115
0.010073 13.305 3920.7 5.961 4951 5.9088
0.010073 13.419 3660.9 6.0241 3383.8 5.9371
0.010073 13.872 2909.7 6.2589 1508.5 6.0436
0.010074 13.409 3715.7 6.0158 3722.9 5.9319
0.010075 13.362 3819.9 5.992 4443 5.9209
0.010075 13.932 2842.8 6.2962 1459.9 6.0567
0.010076 13.372 3764.5 5.9988 4199.3 5.9247
0.010076 13.445 3658.7 6.0379 3601.8 5.9386
0.010076 13.463 3595.1 6.0519 3307.8 5.945
0.010076 13.657 3232.6 6.1523 2155.1 5.9918
0.010077 13.375 3791.9 6.003 4544.1 5.9241
0.010077 14.436 2324.8 6.5655 933.47 6.1765
0.010077 14.508 2331.8 6.6031 937.14 6.1828
0.010078 13.357 3810.9 5.9924 4936.8 5.92
0.010078 13.444 3626.7 6.0361 3690 5.94
0.010078 13.482 3529.2 6.0589 3228.5 5.951
0.010078 14.35 2409 6.5205 1015.2 6.1546
0.010079 13.42 3670.3 6.0217 4042.1 5.9345
0.010079 13.565 3398.2 6.1015 2780.6 5.9683
0.01008 13.428 3615.3 6.0346 3752.1 5.9398
0.010081 13.761 3056.1 6.2092 1928.9 6.0167
0.010081 13.833 2965.4 6.2474 1753.8 6.0324
0.010081 13.852 2953.5 6.258 1740.2 6.036
0.010082 13.531 3479.1 6.0845 3278.2 5.9587
0.010082 13.551 3406.2 6.1004 2950.3 5.9668
0.010082 13.551 3408.6 6.098 2971.8 5.966
0.010083 13.472 3571.8 6.0549 3850.3 5.9458
0.010083 13.545 3450.3 6.0955 3196.5 5.9616
0.010083 13.583 3344.6 6.1156 2791.6 5.9737
0.010083 13.759 3103.6 6.2042 2100.6 6.0115
0.010084 13.429 3675.4 6.0356 4696 5.9344
0.010084 13.561 3389.5 6.1041 3013.5 5.9679
0.010084 13.676 3215.9 6.1605 2411 5.9931
0.010084 14.485 2288.3 6.6018 949.96 6.1864
0.010084 14.605 2201.4 6.6679 877.21 6.2138
0.010085 13.478 3606.7 6.0627 4315.4 5.9438
0.010085 14.936 2003.4 6.8493 736.94 6.2876
0.010086 13.52 3464.4 6.085 3488.1 5.958
0.010087 13.877 2927.3 6.2761 1824.1 6.0402
0.010088 13.471 3547.5 6.0625 4248.6 5.9464
0.010088 13.564 3370.8 6.112 3187.8 5.9687
0.010088 13.567 3384.4 6.1106 3302.4 5.9681
0.010088 13.574 3387.1 6.1152 3266.4 5.9692
0.010088 13.638 3287.5 6.1478 2840.1 5.983
0.010088 13.686 3212.4 6.1732 2570.7 5.994
0.010088 13.945 2830.1 6.317 1655.1 6.0576
0.01009 13.472 3598 6.0629 4957.6 5.9429
0.01009 13.685 3180.6 6.1766 2594.9 5.9959
0.010091 14.335 2425.7 6.5238 1133.3 6.1478
0.010092 13.607 3340.2 6.1357 3391.9 5.9748
0.010092 14.011 2741.4 6.3514 1574.5 6.0731
0.010093 13.658 3265.6 6.1681 3089 5.9859
0.010093 13.663 3248.9 6.1674 3018.6 5.9877
0.010093 13.87 2916.4 6.2737 1959 6.0399
0.010093 13.881 2900 6.284 1922.2 6.0424
0.010094 13.514 3517.4 6.087 4952.2 5.9523
0.010094 13.56 3419.9 6.111 4062.2 5.9637
0.010094 13.619 3300 6.1418 3319.8 5.9785
0.010095 14.273 2490.9 6.4884 1250.3 6.1311
0.010096 13.559 3411.1 6.1116 4216.9 5.9638
0.010097 13.838 2961.1 6.26 2175.3 6.0307
0.010098 13.572 3389.7 6.1197 4288.5 5.9666
0.010099 13.572 3354 6.1186 4160.4 5.9695
0.010099 14.413 2356.4 6.5727 1132.5 6.1649
0.0101 13.586 3346.2 6.1322 4273.1 5.9714
0.010101 13.651 3244.3 6.166 3566.6 5.9857
0.010101 13.724 3132.6 6.2032 2974.1 6.0025
0.010103 13.851 3005.9 6.2688 2543 6.0262
0.010103 13.946 2828.7 6.3256 2022 6.0548
0.010103 14.45 2331.5 6.5982 1140.3 6.172
0.010103 15.251 1839.5 7.0372 688.47 6.3576
0.010104 13.602 3337.9 6.1413 4756.1 5.9726
0.010104 13.701 3209.7 6.1924 3679.4 5.9925
0.010104 14.129 2650.8 6.4276 1643.9 6.0937
0.010105 13.637 3334.7 6.1569 4808.8 5.9756
0.010105 13.801 3021.4 6.2491 2744 6.0199
0.010105 14.062 2702.5 6.3912 1761.5 6.0805
0.010106 13.723 3150.6 6.2026 3436.1 6.0003
0.010106 13.823 2995.1 6.2599 2675.1 6.0245
0.010106 14.09 2666.8 6.4038 1712.6 6.0875
0.010106 14.32 2445.7 6.5294 1317.1 6.1407
0.010109 13.873 2927.7 6.2906 2561.2 6.0359
0.01011 14.511 2301.7 6.6373 1169 6.1822
0.01011 14.765 2105.8 6.7771 944.87 6.2441
0.010111 13.775 3065.2 6.2389 3357.8 6.012
0.010112 14.208 2539.8 6.4791 1571.5 6.1156
0.010113 14.233 2526.2 6.4885 1569 6.1192
0.010115 13.831 2984.3 6.2704 3180.7 6.0247
0.010115 14.284 2485.4 6.5168 1517.2 6.1298
0.010116 14.006 2802.5 6.3657 2368.7 6.0613
0.010117 13.733 3095.2 6.2247 4211.4 6.0041
0.010117 13.834 2990.1 6.2751 3304.9 6.0241
0.010117 14.331 2442.2 6.5416 1465 6.14
0.010118 15.858 1602.3 7.3979 578.14 6.4902
0.01012 13.755 3100.7 6.2345 4547 6.0056
0.01012 13.945 2865.4 6.3409 2856.8 6.0479
0.01012 14.058 2730 6.3989 2274.8 6.074
0.010121 13.839 2979.9 6.2807 3583.6 6.0251
0.010121 13.941 2874.7 6.3359 2941.2 6.0465
0.010121 13.963 2853.4 6.3464 2853.4 6.0503
0.010124 14.012 2784.3 6.3769 2649.3 6.0629
0.010124 14.715 2156.3 6.7621 1105.1 6.2263
0.010125 14.372 2403.2 6.573 1527 6.1491
0.010126 13.841 2986.6 6.2865 4254.4 6.0237
0.010126 13.896 2880.9 6.3219 3324.1 6.0403
0.010127 13.877 2962.4 6.3078 4136.5 6.0301
0.010127 14.049 2729.8 6.3996 2573.5 6.0719
0.010129 13.847 2974.8 6.2944 4442.6 6.025
0.010129 13.882 2926 6.3074 3995.6 6.0335
0.010129 13.911 2890.5 6.3262 3627.7 6.0401
0.010129 13.987 2798.3 6.3663 3015.5 6.0578
0.010129 14.254 2507.4 6.5097 1841.5 6.1209
0.010132 14.252 2517.9 6.5157 1942 6.1193
0.010133 14.392 2395.8 6.5915 1651.7 6.151
0.010134 14.5 2339.1 6.6565 1541.4 6.1706
0.010135 13.978 2814.7 6.3675 3563.6 6.0542
0.010135 14.37 2425.3 6.5823 1763.7 6.1446
0.010135 14.445 2352.1 6.6218 1573.5 6.1633
0.010136 14.001 2787.6 6.3828 3442.3 6.0593
0.010136 14.002 2805.7 6.3812 3621.9 6.0573
0.010137 14.033 2769.4 6.3961 3410 6.0645
0.010137 14.157 2617.7 6.4665 2478.2 6.0952
0.010138 13.93 2877.6 6.3442 4607.5 6.0415
0.010138 13.98 2810.8 6.3717 3829.6 6.0542
0.010138 14.003 2783.7 6.3848 3589.9 6.0593
0.010138 14.091 2687.9 6.4311 2920.6 6.0798
0.01014 14.282 2511 6.5358 2168.7 6.1219
0.010141 14.049 2738 6.4098 3505.1 6.0687
0.010142 14.357 2426.9 6.5799 1929.5 6.1411
0.010143 13.968 2845.2 6.3667 4928.2 6.0485
0.010144 14.052 2742.3 6.4166 3816.9 6.0679
0.010144 14.493 2321.3 6.6538 1674.5 6.1708
0.010144 14.553 2272.4 6.6907 1559 6.1855
0.010145 14.17 2610.5 6.4806 2874 6.0958
0.010145 14.211 2580.9 6.4955 2687.1 6.104
0.010146 17.007 1314.9 8.0932 460.76 6.7312
0.010147 14.055 2732.8 6.4186 3994.5 6.0691
0.010148 14.01 2788 6.3961 4947.8 6.0582
0.010149 14.065 2735.1 6.4267 4332.3 6.0697
0.010149 14.511 2308.2 6.6701 1745.5 6.1745
0.01015 14.292 2513 6.5537 2564.6 6.1207
0.01015 14.678 2188.4 6.7642 1459.5 6.2121
0.010151 14.066 2754.9 6.4329 4953 6.0671
0.010151 14.154 2622.5 6.4754 3327.2 6.0921
0.010153 15.046 1963.9 6.9697 1081.5 6.2959
0.010156 14.143 2643.7 6.4737 4001.7 6.0871
0.010157 14.376 2438.4 6.6016 2511 6.1392
0.010157 14.658 2200.3 6.7603 1609.1 6.2067
0.010158 14.838 2103.7 6.8587 1388.7 6.2434
0.01016 15.411 1789.2 7.1844 897.77 6.3772
0.010162 14.549 2289.5 6.6987 2016.3 6.1784
0.010162 14.865 2069.9 6.8795 1364.4 6.2527
0.010163 14.364 2439.6 6.6022 2794.8 6.1366
0.010164 14.21 2580.1 6.5177 4191.5 6.1009
0.010164 14.309 2489.8 6.5706 3225.1 6.123
0.010164 14.342 2453.5 6.5926 2935.2 6.1323
0.010167 14.195 2582.1 6.5103 4650.4 6.0979
0.010167 14.31 2497.3 6.5744 3531.1 6.1217
0.010167 16.322 1478 7.7129 614.56 6.578
0.010168 14.293 2506.8 6.565 3721.3 6.1189
0.010168 14.332 2477.4 6.5894 3440.5 6.127
0.010169 14.392 2412.8 6.6174 2931.9 6.142
0.01017 14.939 2047.8 6.9251 1437.7 6.2636
0.010172 14.265 2550.8 6.5541 4946.1 6.1093
0.010172 15.886 1613.9 7.4667 758.43 6.4788
0.010173 14.433 2378.3 6.6488 2971.5 6.1505
0.010173 14.715 2173.9 6.8054 1856.4 6.2148
0.010174 14.287 2509.3 6.5706 4544.3 6.1168
0.010174 14.51 2319.9 6.6912 2606.2 6.1679
0.010176 15.622 1705 7.3244 879.89 6.4215
0.010177 14.665 2255.1 6.7776 2359.6 6.1936
0.010177 14.674 2217.7 6.7854 2141.2 6.2017
0.010178 14.325 2492.3 6.5933 4796.3 6.1225
0.010178 14.361 2450.2 6.6136 4076.8 6.1319
0.010178 14.421 2397.7 6.6451 3459 6.1457
0.010178 14.422 2407.5 6.6474 3613.3 6.1446
0.010179 14.342 2451.1 6.6031 4267.3 6.1292
0.01018 14.499 2334.4 6.6933 3052.9 6.1633
0.01018 14.652 2222.9 6.7766 2278.9 6.1977
0.01018 15.043 1979 7.0005 1400.4 6.2882
0.010181 14.523 2348.1 6.7104 3258 6.1638
0.010181 15.178 1908.9 7.0762 1254 6.3184
0.010185 14.418 2404.8 6.6505 4319.8 6.1435
0.010189 15.023 1991.9 6.9945 1586.5 6.2811
0.010189 15.047 1980.9 7.0085 1545.6 6.2863
0.01019 15.504 1764 7.266 1063.7 6.3884
0.010192 14.453 2380 6.683 4913.3 6.1504
0.010192 14.555 2321.6 6.7321 3864 6.169
0.010192 15.189 1910.5 7.0964 1404.2 6.3166
0.010193 14.542 2326.6 6.7265 4112.6 6.1669
0.010194 14.597 2290.3 6.7543 3638.7 6.1777
0.010195 14.599 2275.1 6.7618 3597.7 6.1805
0.010196 14.558 2293 6.7401 3887 6.174
0.010196 15.955 1597.6 7.5375 846.96 6.488
0.010197 14.624 2263.2 6.7766 3572.5 6.1855
0.010198 14.882 2078.8 6.9238 2157.1 6.2465
0.010198 15.428 1797 7.2399 1197.2 6.3703
0.0102 14.628 2246.2 6.785 3699.4 6.1882
0.0102 14.74 2183.6 6.8465 2985.8 6.2111
0.0102 15.143 1931.3 7.0795 1583.7 6.3066
0.010202 15.115 1938.4 7.0639 1649.1 6.3012
0.010204 14.663 2235 6.8045 3918.4 6.1929
0.010205 14.642 2243 6.7929 4172.6 6.1889
0.010206 14.854 2118.1 6.9185 2745.3 6.2343
0.010206 14.914 2078.1 6.9538 2446.1 6.2483
0.010209 14.641 2238.2 6.7966 4678.8 6.1895
0.01021 14.722 2190.5 6.8448 3877.1 6.2057
0.01021 14.818 2159.5 6.89 3426.6 6.2211
0.010211 14.747 2173.4 6.8585 3715.7 6.2115
0.010211 15.019 2007.1 7.0117 2172.1 6.2734
0.010212 15.07 1981.1 7.0434 2069 6.2848
0.010213 14.824 2122.3 6.9021 3204.6 6.2287
0.010213 14.88 2090.2 6.9331 2897 6.2404
0.010213 15.064 1983.4 7.0409 2109.3 6.2831
0.010213 15.863 1634.8 7.5026 1009.5 6.4625
0.010214 14.727 2187.4 6.8499 4261.1 6.2062
0.010214 14.748 2174.6 6.861 3998.4 6.2115
0.010215 14.939 2054.3 6.9752 2683.7 6.2547
0.010215 14.971 2036.3 6.9901 2540.1 6.2614
0.010216 15.476 1791.6 7.2739 1395.5 6.3733
0.010221 14.937 2058.5 6.9764 3086 6.252
0.010221 15.234 1894.9 7.1451 1884.6 6.3201
0.010222 14.879 2096.1 6.9445 3667.8 6.2381
0.010222 16.294 1505.8 7.7675 852.1 6.5531
0.010226 16.303 1504.4 7.7764 869.88 6.5539
0.010227 14.93 2066.1 6.9777 3665.5 6.2491
0.010227 14.94 2062.3 6.9912 3620.2 6.2515
0.010228 14.838 2124.2 6.9265 4901.7 6.2276
0.010228 14.986 2033.2 7.0121 3245.6 6.2612
0.010228 15.463 1795.1 7.2862 1608.7 6.3691
0.01023 14.98 2056.3 7.0077 3795.6 6.2554
0.01023 15.043 2010 7.0436 3109 6.2718
0.010233 14.94 2064.1 6.9901 4310.6 6.249
0.010233 15.059 1993 7.0564 3126.3 6.2769
0.010234 15.553 1760.1 7.3446 1581.5 6.3871
0.010237 15.01 2040.1 7.0331 4230.8 6.2606
0.010239 15.174 1937.4 7.1305 2892.4 6.3004
0.01024 15.016 2030.3 7.0401 4413.3 6.2632
0.010242 16.142 1561.5 7.7 1090.9 6.5122
0.010243 15.045 2017.4 7.0554 4582.2 6.2681
0.010243 15.091 1994 7.0867 4046.8 6.2781
0.010244 15.375 1845 7.25 2298.7 6.3429
0.010245 15.733 1701.8 7.4621 1532.2 6.4217
0.010246 15.222 1910.7 7.1586 2978.3 6.3104
0.01025 15.335 1865.4 7.2343 2726 6.3333
0.010251 15.197 1929.1 7.1563 3702.8 6.3023
0.010251 15.596 1751.7 7.3883 1897.3 6.3912
0.010252 15.275 1896.2 7.1982 3237.5 6.3184
0.010256 15.246 1910.5 7.1891 3846.9 6.3111
0.010258 15.448 1817.8 7.3101 2658.5 6.3558
0.010259 15.322 1873.8 7.2363 3441.9 6.3278
0.010259 17.124 1326.7 8.3067 756.1 6.7164
0.010261 15.313 1873.8 7.23 3628.1 6.3268
0.010262 15.356 1866.3 7.2592 3530.9 6.3325
0.010263 15.232 1920.5 7.1864 4984.2 6.3061
0.010265 15.281 1896.8 7.2293 4597.7 6.3171
0.010265 15.347 1876.6 7.2573 4034.2 6.3287
0.010266 15.584 1760.2 7.3912 2451.5 6.3838
0.010267 15.372 1861.4 7.2737 3935.3 6.3344
0.010268 15.478 1809.3 7.3384 3110.7 6.3592
0.010268 15.819 1673.2 7.5402 1883.8 6.4352
0.010268 16.019 1613.4 7.656 1561.1 6.4763
0.010269 15.702 1720.4 7.4679 2222.2 6.4076
0.010269 16.721 1405.1 8.0818 945.93 6.6337
0.010272 15.448 1826.1 7.3231 3784.8 6.3509
0.010273 15.442 1827.8 7.3207 3926.4 6.3493
0.010273 16.603 1434.1 8.0169 1041.2 6.6076
0.010274 17.163 1315.3 8.3616 803.79 6.7245
0.010275 16.662 1422.8 8.0544 1024.4 6.6185
0.010277 15.591 1765.4 7.4033 3099.2 6.3816
0.010279 15.563 1785.5 7.3998 3593.7 6.3733
0.01028 15.675 1741 7.4664 2976.8 6.3972
0.010281 15.569 1775.3 7.4041 3566 6.3761
0.010282 15.476 1815.4 7.3498 4653.3 6.3552
0.010282 16.321 1527.2 7.8662 1425.7 6.5377
0.010284 16.578 1455.1 8.0106 1193.2 6.5937
0.010285 15.763 1699.8 7.5234 2699.7 6.4184
0.010286 15.629 1755.2 7.4453 3649.4 6.3871
0.010286 15.74 1710.9 7.5106 2902 6.412
0.010286 16.276 1542.6 7.8412 1544.4 6.5259
0.010287 15.688 1729.9 7.4795 3239 6.4005
0.010289 15.563 1788.6 7.4047 4917.5 6.3699
0.010291 15.742 1711.4 7.5175 3253.7 6.4112
0.010292 16.118 1580.4 7.7437 1880.8 6.494
0.010295 15.781 1705.2 7.5436 3435.4 6.4166
0.010295 15.907 1654.1 7.6204 2671.5 6.4459
0.010296 15.823 1682.5 7.5705 3130.5 6.428
0.010305 16.112 1590.3 7.7562 2395.7 6.4873
0.010311 16.28 1550.7 7.8562 2223.4 6.5188
0.010313 16.05 1628.1 7.7245 3414.7 6.4665
0.010314 17.942 1186.9 8.9068 760.31 6.8771
0.010315 16.191 1578.5 7.8082 2672.9 6.4986
0.010318 16.733 1421.6 8.1526 1497 6.6184
0.010319 16.143 1584.5 7.7917 3025.1 6.4902
0.01032 17.141 1334.8 8.4089 1158.6 6.7037
0.010326 16.081 1615.2 7.7624 4399.6 6.4717
0.010327 16.118 1609.3 7.7819 4313.7 6.4771
0.01033 16.348 1532.7 7.9294 2836.2 6.5292
0.01033 16.893 1390.1 8.2733 1514 6.6486
0.010332 16.273 1560.8 7.8796 3536.2 6.5093
0.010337 16.506 1488.1 8.0378 2568.3 6.5625
0.010337 16.859 1398.1 8.2568 1698 6.6394
0.010339 16.973 1378.1 8.3147 1610.9 6.6601
0.010342 17.463 1285.6 8.659 1200.6 6.7608
0.010342 18.792 1078.1 9.5065 683.05 7.0446
0.010343 16.325 1541.9 7.9352 4076 6.5218
0.010346 17.47 1280.6 8.6611 1226.3 6.7635
0.010349 16.612 1483.3 8.1218 3168.3 6.573
0.010351 17.219 1327 8.4995 1514.9 6.7101
0.010356 16.463 1507.6 8.0353 4616.3 6.5463
0.010358 16.719 1441.9 8.1958 2939.5 6.6002
0.010359 16.782 1431.9 8.237 2774.5 6.612
0.010359 17.407 1292.5 8.6342 1443.7 6.7473
0.01036 17.161 1343.8 8.4774 1807.6 6.6939
0.010368 17.272 1320.9 8.5564 1799.5 6.7151
0.010372 16.799 1422.9 8.2721 3539.5 6.6159
0.010376 17.205 1333 8.5372 2151.1 6.7016
0.010377 17.054 1381 8.4479 2919.4 6.6617
0.010378 17.413 1304.3 8.6677 1890.5 6.739
0.010379 16.837 1421.6 8.3002 4248.7 6.6183
0.01038 17.403 1299.2 8.6622 1896.3 6.7395
0.010381 16.963 1390.2 8.3755 3363.9 6.6464
0.010381 17.259 1334.1 8.5711 2313.3 6.7055
0.010382 16.857 1416.6 8.3169 4416.6 6.6223
0.010385 17.338 1320 8.6276 2297.1 6.72
0.010386 17.065 1372.8 8.4498 3289.2 6.6643
0.010389 16.97 1399 8.3992 4640.2 6.641
0.010393 17.483 1290.6 8.7361 2202.6 6.7501
0.010398 17.809 1234.7 8.9563 1763.2 6.8171
0.010401 17.662 1261.6 8.8629 2106.3 6.7846
0.010402 17.311 1326.9 8.639 3388.2 6.7104
0.010403 17.758 1245.6 8.9318 1979.4 6.8037
0.010406 17.361 1321 8.6746 3541.7 6.718
0.010408 17.37 1322.1 8.6852 3752.2 6.718
0.010409 20.425 915.38 10.766 617.65 7.3724
0.01041 17.504 1292.8 8.7749 3071.4 6.7479
0.01041 17.707 1258.4 8.9054 2391.6 6.7889
0.010414 17.494 1295.2 8.7747 3422.8 6.7451
0.010418 17.623 1274.9 8.8672 3116.5 6.7696
0.01042 17.491 1300.1 8.7725 4230.5 6.7404
0.010422 17.476 1303.1 8.7767 4634.8 6.7377
0.010422 17.714 1259.7 8.9238 2996.2 6.7878
0.010424 17.533 1296 8.8157 4589.9 6.7466
0.010424 18.37 1163 9.3731 1681.6 6.9188
0.010425 17.633 1279 8.8846 3857.9 6.7673
0.010426 20.926 896.45 11.164 633.75 7.4473
0.010427 17.61 1279 8.871 4097.1 6.7646
0.010431 17.772 1256.8 8.9798 3624.3 6.7938
0.010431 17.831 1243.9 9.0245 3234.8 6.8075
0.010432 17.766 1261.2 8.9646 3885 6.7895
0.010435 17.913 1236.4 9.0866 3339.8 6.8204
0.010438 18.205 1185 9.2845 2336.1 6.8839
0.010438 18.233 1183.9 9.3059 2322.4 6.8881
0.010443 18.144 1198.6 9.252 2843 6.8667
0.010445 19.101 1069.9 9.9118 1343.7 7.0651
0.010445 19.615 1015.2 10.268 1062.5 7.1707
0.010445 19.724 993.42 10.358 973.62 7.2034
0.010446 17.872 1240 9.0766 4711.9 6.8115
0.010446 18.116 1199.8 9.2444 3067.7 6.8634
0.010451 18.374 1168.1 9.4241 2616.5 6.911
0.010453 18.23 1191.4 9.3373 3311.1 6.8793
0.010454 18.33 1171.2 9.4021 2842.6 6.9038
0.010456 20.724 916.15 11.11 792.44 7.3968
0.010459 18.217 1190.5 9.3295 3776.9 6.8779
0.01046 18.14 1203.9 9.2844 4618.4 6.8604
0.010464 18.308 1176.7 9.399 3747 6.896
0.010465 19.428 1038.6 10.185 1408.1 7.1251
0.010467 18.394 1167.1 9.4643 3642.1 6.9111
0.010467 18.545 1146.9 9.5719 2981.7 6.9417
0.010468 18.796 1116.5 9.7395 2371.1 6.9907
0.010468 21.993 830.19 12.058 637 7.6483
0.010469 18.488 1158.7 9.5401 3529.1 6.9265
0.010474 22.935 774.86 12.768 550.5 7.8426
0.010475 18.452 1163.9 9.5214 4439.8 6.918
0.010482 20.389 956.74 10.91 1105.1 7.3077
0.010483 18.765 1126.6 9.7562 3542.2 6.9774
0.010485 18.827 1120.7 9.8094 3436.3 6.9891
0.010486 20.128 978.39 10.729 1274.5 7.2552
0.010488 18.83 1129.5 9.8207 4149.3 6.9815
0.010491 19.248 1066.4 10.108 2349.6 7.0761
0.010494 18.814 1120.4 9.7978 4494.2 6.9855
0.010503 19.021 1099.4 9.9738 4427 7.0223
0.010504 24.943 674.08 14.479 462.01 8.2762
0.010508 20.018 992.02 10.703 1749.3 7.2258
0.010512 22.584 797.92 12.654 713.23 7.7582
0.010515 19.503 1046 10.344 3093.5 7.1168
0.010515 21.596 868.44 11.892 966.76 7.5417
0.010525 22.63 799.27 12.728 775.16 7.7581
0.010527 19.549 1042.9 10.399 4005.6 7.1218
0.01053 22.841 794.02 12.903 779.1 7.7902
0.010539 19.787 1024 10.616 4438.1 7.1648
0.01054 21.184 908.99 11.651 1501.7 7.4388
0.010542 19.981 1007.8 10.76 3829.4 7.1996
0.010545 19.88 1015.3 10.687 4622.1 7.1808
0.010545 20.287 978.75 10.992 2859.2 7.2615
0.010547 20.172 994.04 10.904 3573.2 7.2328
0.010554 21.281 900.55 11.763 1662.6 7.4576
0.010555 24.387 718 14.225 670.22 8.1022
0.010557 20.186 996.38 10.944 4969.7 7.2313
0.01056 20.534 962.77 11.219 3333.5 7.3025
0.010561 20.284 987.06 11.024 4844.7 7.2502
0.010562 20.414 976.4 11.132 4258.7 7.2746
0.010562 21.086 916.13 11.641 2088.5 7.4156
0.010563 22.622 813.91 12.852 1082.3 7.7257
0.010564 21.4 898.32 11.89 1858.7 7.4718
0.010565 25.775 665.58 15.43 581.24 8.3811
0.010566 20.645 959.91 11.301 3656.4 7.3168
0.010566 21.308 901.8 11.823 1969.4 7.4573
0.010568 21.658 880.86 12.108 1718.4 7.5221
0.010572 20.672 957.86 11.359 4302.1 7.3205
0.010572 20.677 955.45 11.37 4131.7 7.3241
0.010575 23.877 740.06 13.921 824.37 7.9957
0.010576 21.062 924.62 11.66 2935.2 7.4003
0.01058 20.898 936.65 11.551 3817.8 7.3673
0.010589 21.113 925.89 11.717 4241.7 7.4006
0.010592 21.431 906.46 12 3412.2 7.4608
0.010594 23.399 778.74 13.587 1155.3 7.8666
0.010597 21.894 873.52 12.379 2544.8 7.5527
0.010599 21.526 897.08 12.109 3538.6 7.4805
0.010602 21.519 897.83 12.1 3948.6 7.4783
0.010611 21.691 887.62 12.265 4271.5 7.5091
0.010613 24.183 741.14 14.313 1101.8 8.0209
0.010616 21.991 867.82 12.517 3627.1 7.5675
0.010617 21.809 876.08 12.388 4238.1 7.5358
0.010618 22.602 834.08 12.994 2419.3 7.6815
0.010619 22.477 839.05 12.935 2623.1 7.662
0.01062 22.07 864.83 12.598 3878.4 7.5793
0.01062 23.267 793.36 13.569 1700 7.8219
0.010631 22.388 843.92 12.902 3685.7 7.6432
0.010633 22.386 848.72 12.91 4287.7 7.6348
0.010638 23.899 765.05 14.18 1693.6 7.9382
0.010645 24.506 737.04 14.737 1480 8.0593
0.010646 23.069 809.73 13.508 3183 7.7675
0.010652 23.575 786.33 13.94 2669.5 7.8609
0.010653 22.925 821.1 13.403 4868.6 7.7323
0.010657 23.109 809.43 13.597 4370 7.7715
0.010664 23.745 772.66 14.173 2863.8 7.9037
0.010665 23.372 797.48 13.842 4501.8 7.8174
0.010671 24.813 714.04 15.135 1692.7 8.1378
0.010672 24.674 733.22 15.001 2064.6 8.0819
0.010677 23.783 778.93 14.243 4621.3 7.8934
0.010682 24.513 738.72 14.959 2668.6 8.0523
0.010689 24.707 736.18 15.104 3022.5 8.0762
0.010692 26.618 646.8 16.883 1260.1 8.506
0.010702 24.983 727.84 15.412 3734.6 8.1221
0.010706 28.708 584.44 18.861 952.77 8.9406
0.01071 24.937 728.58 15.44 4877.7 8.1137
0.010712 25.604 695.74 16.076 2774.2 8.2621
0.010718 26.546 663.65 16.957 2092 8.4475
0.01072 29.147 576.99 19.371 1016.6 9.0168
0.01072 29.538 563.47 19.74 939.13 9.1143
0.010728 28.964 575.88 19.312 1086.3 8.9991
0.010732 26.057 684.73 16.573 3942.5 8.3362
0.010738 26.634 662.71 17.122 3132.5 8.456
0.010743 27.043 650.91 17.565 2932.3 8.534
0.010744 26.551 662.42 17.134 3616.7 8.4464
0.010745 26.841 655.1 17.417 3242.6 8.4999
0.010749 26.88 651.45 17.45 3412.6 8.5124
0.010755 28.466 597.73 19.067 1825.8 8.8594
0.01076 27.425 639.76 18.067 3722.9 8.6065
0.01077 29.77 563.57 20.389 1588.5 9.1332
0.010777 31.369 524.82 22.062 1220.6 9.4886
0.010782 37.259 406.97 28.165 590.38 11.011
0.010783 29.536 576.49 20.292 2278.1 9.0543
0.010784 29.8 571.75 20.501 2200 9.1003
0.010788 28.992 592.3 19.789 3373.6 8.9321
0.010791 31.146 530.45 21.993 1528.4 9.4356
0.010797 29.192 588.22 20.071 4112.8 8.9688
0.010799 30.563 548.5 21.537 2155.5 9.2859
0.010805 29.222 582.04 20.215 4716.3 8.994
0.010805 30.255 558.35 21.193 2852.1 9.2058
0.010808 40.943 358.63 32.561 527.08 12.048
0.010819 30.652 549.01 21.727 3533.3 9.2879
0.010828 30.687 548.13 21.872 4826.6 9.2944
0.010828 31.662 518.62 22.965 2500.4 9.5461
0.010831 34.338 457.5 25.884 1261.6 10.226
0.010831 35.176 447.37 26.735 1152.3 10.403
0.010841 32.355 509.96 23.787 3018.7 9.6704
0.01085 32.757 501.49 24.296 3225.5 9.7638
0.010851 38.169 396.49 30.395 914.66 11.221
0.010852 32.421 508.74 23.959 4206.5 9.6828
0.010854 32.807 499.4 24.446 3527.4 9.7783
0.010855 36.057 434.76 28.038 1360.5 10.607
0.010856 32.531 499.38 24.214 3779.5 9.7452
0.010857 39.485 380.96 31.978 858.05 11.562
0.010859 33.573 483.23 25.4 2927.7 9.9654
0.010861 37.158 416.53 29.394 1224.8 10.899
0.010865 33.082 494.55 24.68 4822.7 9.8325
0.010866 33.631 479.87 25.547 3287.3 9.9897
0.010866 33.661 479.98 25.592 3347.9 9.9941
0.01087 34.109 474.04 26.082 3306.5 10.085
0.010873 36.802 420.67 29.208 1491.6 10.813
0.010878 33.967 477 26.026 4932 10.047
0.010878 34.94 452.78 27.218 2659 10.328
0.010882 37.782 408.35 30.527 1476.1 11.051
0.010886 35.34 449.59 27.761 3147.8 10.4
0.010887 34.628 463.12 26.887 4752.1 10.214
0.010887 39.762 380.77 32.85 1158 11.598
0.01091 36.597 430.84 29.574 4560.7 10.698
0.010927 37.67 411.36 31.376 4960.1 11.003
0.010944 40.717 367.43 35.567 2638.8 11.879
0.010944 41.472 361.56 36.375 2333.1 12.06
0.010945 43.668 337.37 39.222 1546.4 12.732
0.010952 40.686 368.95 35.61 3534.7 11.853
0.010957 40.868 367.5 36.085 4180.1 11.898
0.010965 43.197 341.05 39.417 2531.4 12.6
0.010965 43.9 337.55 40.09 2333.9 12.761
0.010966 41.876 356.29 37.36 4168.4 12.181
0.010972 42.129 353.48 38.148 4821.3 12.26
0.010979 43.343 341.08 39.756 4151.1 12.614
0.010987 44.026 335.56 40.847 4888.4 12.8
0.010993 45.842 315.61 43.605 2943 13.435
0.011001 46.416 309.38 45.121 3153.9 13.655
0.011014 51.843 270.12 53.591 1556.5 15.606
0.011026 50.62 280.31 52.277 2705.8 15.07
0.011066 55.344 252.41 62.509 3788.3 16.927
0.011068 56.452 245.67 64.641 2953.6 17.446
0.011074 56.311 247.51 64.815 4309.7 17.334
0.011083 66.385 203.33 85.296 1063.1 22.802
0.011092 61.635 221.98 76.546 2256.8 19.962
0.01111 68.471 196.05 93.605 1333.7 24.225
0.011126 66.927 200.78 93.025 2382.6 23.206
0.011157 71.121 193.59 107.57 4412.8 25.468
0.011158 72.126 189.03 111.01 3337.3 26.445
0.011172 74.217 182.12 120.38 3617.9 28.342
0.011182 86.185 155.27 164.94 1007.1 43.104
0.011183 75.825 176.55 129.6 3828.7 30.065
0.011195 78.138 171.6 140.88 4050.7 32.283
0.011197 87.476 152.37 178.58 1127.9 45.704
0.011199 88.319 150.82 182.92 1100.4 47.356
0.011201 79.306 170.62 145.85 4838.8 33.164
0.011203 81.544 161.56 158.91 2302.1 37.091
0.011225 89.871 150.97 204.43 1706.4 48.913
0.011231 85.627 156.91 188.05 4308.3 41.861
0.011231 85.899 157.67 187.75 4370.3 41.782
0.011231 86.36 155.63 191.86 3691.2 43.069
0.011232 88.625 151.8 204.35 2418.7 47.115
0.011233 85.725 156.96 189.44 4851 41.928
0.011234 90.262 149.98 213.6 2041.5 49.946
0.01124 87.457 154.44 202.43 4908.7 44.565
0.011242 89.265 151.99 213.79 3565.1 47.636
0.011243 89.182 150.73 216.27 3471.6 48.277
0.011246 89.229 152.27 215.26 4802.2 47.449
0.011246 89.913 149.9 222.23 3297.2 49.563
0.011256 90.172 149.83 233.63 4942.2 49.85
0.014322 39.425 946.07 476.95 2671.5 8.7383
0.014473 35.794 1435.1 458.43 4966.6 7.9104
0.014501 36.004 1388.3 484.31 3356.8 7.9518
0.014521 34.969 1632.7 443.08 4062.9 7.723
0.014587 33.979 1939 437.02 3539.9 7.5083
0.014627 33.596 2077 438.86 2775 7.4285
0.01463 34.312 1791 495.64 2587.2 7.5805
0.014646 33.321 2184.7 465.59 4099.2 7.3748
0.014663 34.547 1688.5 452.84 1170.8 7.6372
0.01468 32.944 2406.9 451.38 2965 7.2853
0.014681 32.602 2680.1 435.71 3941.9 7.2052
0.014705 32.822 2454.4 437.73 1974.8 7.2623
0.014722 32.617 2625.8 468.26 2834.9 7.209
0.014735 32.167 3126.5 460.26 4709.4 7.0952
0.014739 31.662 3479.9 427.18 3820.1 7.0191
0.01474 32.527 2701.3 444.91 1943 7.1854
0.014744 32.123 3039.4 479.1 4675.5 7.1039
0.014744 32.7 2549.9 480.39 2189.6 7.2256
0.014748 31.807 3402.9 452.58 4726 7.0362
0.014764 31.671 3477.4 466.99 4891 7.0169
0.014775 31.825 3339.2 450.5 2542 7.0387
0.014776 31.725 3653.7 463.85 4329.9 6.9993
0.014778 31.778 3374.4 486.59 4268.6 7.0322
0.014778 32 3191.2 471.91 2706.1 7.0677
0.014779 33.068 2257.6 458.22 1076.7 7.3111
0.01478 31.129 4545.5 425.58 4857 6.8892
0.014789 33.146 2213.7 495.68 1181.4 7.3261
0.014792 31.507 3873.9 450.82 3178.7 6.9606
0.014797 31.049 4426.8 421.54 2834.9 6.8895
0.014799 31.672 3501.2 470.91 2661 7.0069
0.014802 31.477 3809.4 489.07 4636.1 6.9633
0.014809 31.259 3989 479.21 4063.5 6.9339
0.014814 31.197 4217.9 464.66 3587 6.9103
0.014817 31.036 4638.2 444.5 3334.3 6.872
0.014818 31.604 3595.9 490.09 2706.4 6.9892
0.014819 31.013 4669.2 436.82 2940.5 6.8677
0.014819 31.243 4197.8 466.11 3238.6 6.9129
0.014822 31.097 4456.1 467.35 3854.3 6.8853
0.014826 31.06 4599.1 453.54 3173.4 6.8735
0.014831 30.922 4835.4 456.45 3609.1 6.8504
0.014834 31.069 4561.9 489.11 4783.7 6.8752
0.014839 32.171 2879.1 469.55 1183.2 7.1131
0.014847 31.211 4226.7 489.58 2837.3 6.9047
0.014852 31.17 4219.4 474.26 2211.6 6.9017
0.014866 32.155 2869.7 484.93 1073.7 7.1081
0.014884 31.22 4085.1 458.93 1368.8 6.9091
0.0149 31.269 3921 485.6 1339.8 6.9225
0.014947 31.058 4303.8 436.21 874.7 6.8713
0.014996 30.707 4812.4 482.39 912.65 6.8091
0.0151 30.855 4227.3 457.3 528.5 6.8357