0.0026813 15.762 579.25 0.54545 250.52 3.3404 0.30678 9.7246
0.0026813 15.764 579.28 0.53721 107.36 3.3594 0.3067 9.7247
0.0026813 15.766 578.68 0.54891 637.49 3.3348 0.30722 9.7265
0.0026813 15.767 578.89 0.54989 906.37 3.3323 0.307 9.7262
0.0026813 15.768 578.86 0.53557 85.573 3.3679 0.30492 9.7261
0.0026813 15.768 578.97 0.54074 133.69 3.354 0.30615 9.7257
0.0026813 15.769 578.79 0.54859 762.68 3.3329 0.30812 9.7267
0.0026813 15.77 578.61 0.5446 211.48 3.3445 0.30676 9.7274
0.0026813 15.77 578.92 0.54051 141.32 3.354 0.30693 9.7259
0.0026813 15.771 578.35 0.55054 956.57 3.3328 0.30666 9.7283
0.0026813 15.771 578.57 0.54942 802.77 3.333 0.3075 9.7276
0.0026813 15.771 578.6 0.54807 441.22 3.3364 0.30719 9.7275
0.0026813 15.771 578.6 0.54986 649.99 3.3344 0.30652 9.7274
0.0026813 15.771 578.62 0.54817 452.15 3.3359 0.30718 9.7274
0.0026813 15.771 578.66 0.54938 848.6 3.3323 0.30763 9.7274
0.0026813 15.771 578.67 0.54701 344.91 3.338 0.30726 9.7272
0.0026813 15.771 578.71 0.54755 376.78 3.3376 0.30709 9.7272
0.0026813 15.772 578.54 0.54425 193.91 3.3455 0.30656 9.7278
0.0026813 15.772 578.54 0.54823 401.8 3.3389 0.30654 9.7275
0.0026813 15.772 578.55 0.54607 247.21 3.3427 0.30639 9.7277
0.0026813 15.772 578.56 0.54751 380.88 3.3377 0.30721 9.7278
0.0026813 15.772 578.64 0.54948 798.85 3.3332 0.30741 9.7274
0.0026813 15.772 578.66 0.54969 734.57 3.3336 0.30702 9.7271
0.0026813 15.772 578.76 0.54284 160.92 3.3508 0.30609 9.7267
0.0026813 15.773 578.28 0.54896 701.74 3.3335 0.30776 9.7287
0.0026813 15.773 578.29 0.54621 273.56 3.3407 0.30704 9.7288
0.0026813 15.773 578.32 0.54961 934.65 3.3331 0.30764 9.7286
0.0026813 15.773 578.52 0.54817 501.42 3.3356 0.3076 9.728
0.0026813 15.773 578.55 0.54693 310.77 3.3396 0.3069 9.7278
0.0026813 15.773 578.56 0.54941 764.58 3.3336 0.3074 9.7277
0.0026813 15.774 578.45 0.54228 149.24 3.3511 0.30621 9.7284
0.0026813 15.774 578.51 0.54467 201.96 3.3454 0.3065 9.7284
0.0026813 15.775 578.16 0.54516 215.16 3.3447 0.30662 9.7295
0.0026813 15.776 577.87 0.53547 96.046 3.3626 0.30756 9.7317
0.0026813 15.776 578.21 0.5473 324.37 3.3391 0.30693 9.7295
0.0026813 15.779 578.27 0.54768 346.31 3.3386 0.30701 9.7307
0.0026813 15.783 577.3 0.55543 188.86 3.3457 0.29589 9.7337
0.0026813 15.783 577.8 0.53749 86.961 3.3669 0.30407 9.7315
0.0026814 15.641 590.08 0.53968 297.7 3.3454 0.30588 9.6698
0.0026814 15.677 586.64 0.62034 901.51 3.3377 0.23084 9.6862
0.0026814 15.737 581.36 0.54817 725.72 3.3347 0.30645 9.713
0.0026814 15.787 578.07 0.54874 448.18 3.3334 0.30756 9.7321
0.0026814 15.796 575.86 0.54162 115.91 3.3539 0.30567 9.7395
0.0026814 15.802 576.33 0.53737 107.53 3.3571 0.30883 9.7392
0.0026814 15.866 570.36 0.55358 773.49 3.3295 0.30912 9.77
0.0026814 15.904 567.44 0.55556 641.72 3.3305 0.30881 9.7858
0.0026815 15.584 594.94 0.53817 358.75 3.3455 0.30487 9.6457
0.0026816 15.558 597.38 0.52751 104.05 3.369 0.30358 9.6341
0.0026816 15.978 561.18 0.55021 124.49 3.3476 0.30856 9.8193
0.0026817 15.499 602.98 0.53471 729.27 3.3443 0.30531 9.6078
0.0026817 15.507 602.04 0.52325 83.641 3.3789 0.30136 9.612
0.0026817 15.508 602.35 0.53599 560.32 3.346 0.30382 9.6108
0.0026818 16.095 552.14 0.55957 296.04 3.3271 0.31381 9.8701
0.0026819 15.435 608.82 0.5306 306.75 3.353 0.3027 9.5805
0.002682 16.149 548.21 0.56279 201.08 3.3315 0.31115 9.8932
0.0026821 16.172 546.19 0.56523 270.91 3.3261 0.31229 9.9043
0.0026822 15.37 615.46 0.52004 110.28 3.3753 0.30057 9.5508
0.0026823 15.354 617.08 0.52694 345.37 3.3555 0.3019 9.5435
0.0026823 16.232 541.88 0.57266 655.66 3.3166 0.31206 9.9298
0.0026824 15.338 618.59 0.52662 485.61 3.3532 0.3025 9.5367
0.0026825 15.3 622.34 0.52609 605.81 3.3534 0.30137 9.5201
0.0026825 15.314 620.9 0.51809 142.56 3.3707 0.3022 9.5263
0.0026828 15.26 626.54 0.52411 611.17 3.3551 0.30086 9.502
0.002683 15.225 630 0.51904 269.57 3.3635 0.30077 9.4871
0.0026831 15.205 632.15 0.52252 822.35 3.3559 0.29975 9.478
0.0026831 15.205 632.27 0.52111 960.9 3.3554 0.30142 9.4781
0.0026832 15.184 634.33 0.51834 287.25 3.3644 0.29927 9.4689
0.0026832 15.186 634.1 0.52128 859.44 3.3567 0.29987 9.4696
0.0026832 16.411 529.17 0.58296 924.09 3.3092 0.31346 10.008
0.0026839 16.524 521.35 0.58721 782.43 3.3063 0.31579 10.058
0.002684 16.543 520.12 0.58361 251.7 3.3134 0.31608 10.066
0.0026841 16.552 519.15 0.5879 778 3.3037 0.31711 10.071
0.0026842 15.052 648.6 0.51223 486.45 3.3655 0.29944 9.4104
0.0026843 16.586 516.97 0.58504 209.68 3.3152 0.31595 10.086
0.0026848 16.65 512.96 0.59373 616.94 3.3027 0.31653 10.113
0.002685 16.662 511.46 0.62921 176.59 3.3149 0.27513 10.122
0.0026856 14.897 666.17 0.50666 487.41 3.3721 0.29565 9.3421
0.0026858 14.883 667.49 0.50316 248.75 3.3793 0.2955 9.3367
0.002686 14.86 670.08 0.50563 738.73 3.3711 0.29554 9.327
0.0026861 16.805 502.77 0.60069 598.43 3.2974 0.3192 10.182
0.0026863 16.829 500.9 0.60568 502.23 3.2977 0.31521 10.195
0.0026871 16.919 495.7 0.60335 360.14 3.2972 0.32165 10.233
0.0026871 16.929 495.5 0.60851 541.45 3.2944 0.31855 10.235
0.0026876 14.725 686.7 0.4977 395.13 3.3814 0.29349 9.2667
0.0026879 17.008 490.75 0.58677 57.573 3.3426 0.31828 10.27
0.002688 14.703 690.37 0.49192 263.13 3.3873 0.29599 9.2548
0.002688 17.013 489.87 0.60845 421.33 3.2926 0.32319 10.275
0.0026886 14.65 696.06 0.49567 808.87 3.3805 0.29284 9.234
0.0026888 17.084 485.48 0.6111 951.54 3.2854 0.32749 10.308
0.0026894 14.593 703.34 0.49225 856.01 3.3828 0.29296 9.2091
0.0026897 14.576 706.46 0.48742 178.65 3.399 0.29039 9.1995
0.0026898 14.57 706.81 0.48358 124.24 3.4073 0.29064 9.1979
0.0026898 17.184 480.05 0.61989 819.55 3.2835 0.3244 10.35
0.0026899 14.562 707.58 0.48189 107.08 3.4118 0.29019 9.1951
0.00269 14.558 708.47 0.49077 509.42 3.3873 0.29108 9.1924
0.0026903 14.536 711.59 0.48957 841.56 3.3857 0.29204 9.1825
0.0026906 14.518 714.06 0.48959 857.81 3.3866 0.29093 9.1746
0.0026908 14.505 716.18 0.47693 83.98 3.4239 0.28814 9.168
0.0026908 14.506 715.51 0.48844 570.67 3.3889 0.29059 9.1694
0.0026911 14.487 718.08 0.48751 592.5 3.3898 0.29044 9.1614
0.0026911 17.289 473.86 0.61922 368.71 3.2845 0.32905 10.398
0.0026913 17.321 472.79 0.63048 888.93 3.279 0.32236 10.409
0.0026916 14.458 722.68 0.48399 590.78 3.3915 0.29206 9.147
0.0026923 17.385 468.47 0.63664 382.22 3.281 0.3179 10.442
0.0026925 14.404 729.9 0.48319 755.36 3.3929 0.29018 9.1239
0.0026934 14.351 737.3 0.4813 889.88 3.3945 0.28919 9.1011
0.0026935 14.35 737.89 0.4792 261.14 3.4039 0.28743 9.0995
0.002694 14.319 741.95 0.47545 173.77 3.4121 0.28684 9.087
0.0026941 14.317 742.18 0.46628 75.864 3.4369 0.28615 9.0861
0.0026943 14.303 744.26 0.47892 506.85 3.3995 0.28751 9.0799
0.0026944 14.3 744.6 0.47072 114.1 3.4227 0.28651 9.0789
0.0026944 14.302 744.83 0.47657 273.86 3.4052 0.28753 9.0788
0.0026945 14.304 745.75 0.4794 825.59 3.3968 0.28791 9.0769
0.0026947 14.285 747.32 0.47813 771.29 3.3983 0.2881 9.0713
0.0026948 14.279 748.01 0.4741 321.44 3.4047 0.28933 9.069
0.0026948 17.58 458.26 0.65535 773.81 3.2701 0.31393 10.528
0.002695 14.274 749.11 0.47295 195.47 3.4122 0.28742 9.066
0.0026954 17.626 455.99 0.64206 426.23 3.2729 0.32797 10.548
0.0026963 14.205 759.39 0.47802 953.57 3.4014 0.28368 9.036
0.0026967 14.189 762.32 0.47434 769.96 3.4036 0.28599 9.028
0.0026971 14.17 765.29 0.43529 627.93 3.4049 0.32351 9.0198
0.0026974 14.156 767.14 0.47281 700.07 3.4051 0.2854 9.0141
0.0026977 14.145 769.56 0.46731 281.95 3.4133 0.2873 9.0079
0.0026979 14.135 770.53 0.47077 674.68 3.4063 0.28608 9.0048
0.0026981 17.827 446.32 0.64793 233.1 3.2736 0.3308 10.636
0.0026982 14.123 772.62 0.46503 140.24 3.4255 0.2838 8.9993
0.0026991 14.082 779.25 0.4688 729.74 3.4089 0.28496 8.981
0.0026992 14.076 779.7 0.46875 661.03 3.4093 0.28456 8.9793
0.0026993 14.073 780.88 0.45712 624.34 3.4098 0.2958 8.9765
0.0026994 14.068 781.55 0.46959 503.3 3.4117 0.28252 8.9748
0.0027 14.045 785.59 0.46556 308.16 3.4173 0.28346 8.9643
0.0027004 17.97 439.24 0.67578 951.3 3.2591 0.3183 10.701
0.0027009 14.011 791.92 0.46291 705.01 3.4129 0.28641 8.9479
0.0027022 13.954 800.64 0.46369 915.45 3.4144 0.28276 8.9247
0.0027024 13.948 802.1 0.46258 559.95 3.4173 0.28254 8.9213
0.0027028 13.929 805.11 0.4601 604.11 3.4177 0.2841 8.9132
0.0027028 13.932 804.64 0.46151 698.61 3.4167 0.28317 8.9146
0.0027031 18.177 431.34 0.68013 508.34 3.2577 0.32435 10.783
0.0027032 13.914 807.78 0.46015 357.19 3.4224 0.28167 8.9068
0.0027038 18.223 429.22 0.65324 74.431 3.2932 0.33167 10.804
0.002705 13.857 819.3 0.45704 513.2 3.4232 0.28221 8.879
0.0027056 13.828 823.74 0.45846 335.11 3.4278 0.27783 8.8676
0.0027063 13.804 827.98 0.45704 859.43 3.4226 0.28021 8.8573
0.0027065 13.798 829.25 0.45456 472.64 3.4261 0.28113 8.8546
0.0027068 13.787 831.2 0.45551 571.86 3.4256 0.27994 8.8497
0.0027071 18.419 420.73 0.68379 508.6 3.2509 0.33605 10.892
0.0027072 13.778 833.85 0.45095 162.92 3.4416 0.27831 8.8442
0.0027076 13.759 836.48 0.45183 916.83 3.4251 0.28278 8.8374
0.0027077 13.759 837.21 0.44683 118.53 3.451 0.27835 8.8358
0.0027078 13.751 838.15 0.45404 745.34 3.4263 0.27976 8.8336
0.0027082 13.739 840.44 0.45242 403.43 3.4308 0.27922 8.8283
0.0027086 13.725 843.21 0.44758 160.25 3.4445 0.27847 8.8219
0.0027086 18.47 417.12 0.6754 193.19 3.258 0.34212 10.925
0.0027089 13.714 844.79 0.45281 347.35 3.4332 0.27687 8.8179
0.0027091 13.714 846.2 0.4457 350.27 3.4338 0.28385 8.8157
0.0027092 13.705 846.98 0.4491 334.43 3.4352 0.27981 8.8132
0.0027101 13.676 852.84 0.45057 672.31 3.4309 0.27849 8.8001
0.002711 18.608 411.57 0.73049 281.69 3.249 0.29906 10.986
0.0027112 13.64 859.75 0.44617 494.99 3.4344 0.28014 8.7845
0.0027113 13.637 860.55 0.44772 919.09 3.4317 0.27949 8.7828
0.0027125 13.602 868.26 0.44752 732.54 3.4346 0.27723 8.7664
0.0027129 13.586 870.64 0.44497 352.62 3.4404 0.27707 8.7607
0.0027135 18.764 406.08 0.85776 564.54 3.243 0.1845 11.051
0.0027136 13.57 874.69 0.44359 160.26 3.4531 0.27319 8.7525
0.0027139 13.56 876.52 0.4436 968.81 3.436 0.27901 8.7484
0.002714 13.557 877.3 0.44316 250.95 3.4475 0.27549 8.7464
0.0027155 13.52 886.48 0.44466 375.43 3.444 0.27338 8.7283
0.0027161 18.886 400.59 0.74921 300.03 3.2412 0.2985 11.111
0.0027162 13.495 891 0.43762 243.12 3.4508 0.27723 8.719
0.0027165 13.48 893.15 0.44037 323.37 3.4471 0.275 8.7137
0.0027165 13.483 893.14 0.44604 584.29 3.4405 0.27128 8.7142
0.0027174 13.458 898.38 0.42818 65.479 3.4902 0.27132 8.7033
0.0027174 19.004 398.01 0.72629 865.21 3.2334 0.3323 11.151
0.0027195 13.402 911.78 0.43672 272.15 3.4543 0.27308 8.6771
0.0027202 13.386 915.78 0.43599 546.48 3.4481 0.27518 8.6695
0.0027203 13.381 916.33 0.43869 913.5 3.4466 0.27303 8.6682
0.0027209 13.36 920.52 0.43611 533.34 3.4499 0.27351 8.6598
0.0027211 13.36 921.43 0.43617 785.06 3.4481 0.27411 8.6587
0.0027214 13.351 923.4 0.43551 871.54 3.4483 0.27434 8.6547
0.0027217 13.343 925.31 0.43327 175.24 3.4644 0.27062 8.6511
0.0027222 13.331 928.35 0.43355 412.7 3.4535 0.2736 8.6454
0.0027227 19.297 388.04 0.7369 464.09 3.2298 0.33776 11.277
0.0027228 13.317 931.81 0.4309 187.5 3.4647 0.27187 8.6391
0.002724 13.285 939.55 0.43252 464.93 3.4551 0.27217 8.625
0.0027258 13.238 950.27 0.42496 127.09 3.4778 0.27023 8.605
0.0027266 13.221 955.03 0.42762 285.99 3.464 0.27166 8.5968
0.0027287 13.172 967.92 0.4265 427.34 3.463 0.27117 8.5745
0.0027294 13.154 972.05 0.42368 213.83 3.4719 0.2702 8.567
0.0027297 13.148 974.13 0.42525 601.22 3.462 0.27179 8.5638
0.0027304 13.131 978.4 0.42563 541.87 3.4637 0.2702 8.5564
0.0027309 13.12 981.21 0.42596 944.45 3.4617 0.27015 8.5518
0.0027314 13.113 984.21 0.42519 625.22 3.4642 0.2697 8.5472
0.0027322 13.092 989.51 0.42115 215.22 3.4765 0.26895 8.5382
0.0027332 13.068 995.54 0.42308 675.81 3.4665 0.26938 8.5281
0.0027338 13.053 999.33 0.42322 962.71 3.4654 0.26888 8.5219
0.0027339 13.055 999.54 0.41999 217.9 3.478 0.26803 8.5218
0.002734 19.862 369.56 0.772 226.06 3.224 0.33368 11.531
0.0027344 13.039 1003.1 0.4219 827.55 3.4677 0.2691 8.5154
0.0027344 13.044 1002.9 0.41988 256.99 3.4765 0.26821 8.5164
0.0027367 12.992 1016.7 0.41932 610.6 3.4715 0.26837 8.4942
0.002738 12.966 1025.1 0.4191 864.46 3.4718 0.26749 8.4817
0.0027387 12.956 1029.2 0.41771 745.99 3.4732 0.26797 8.4758
0.00274 12.922 1037.4 0.41131 117.3 3.4996 0.2644 8.4628
0.0027417 12.892 1047.4 0.41436 367.95 3.4818 0.26604 8.4484
0.0027444 12.836 1064.3 0.4121 361.26 3.4854 0.2649 8.4238
0.0027456 12.814 1071.6 0.41222 843.46 3.4813 0.26523 8.4136
0.0027456 12.815 1071.7 0.41125 712.75 3.4824 0.26597 8.4136
0.0027466 12.797 1078 0.41123 831.68 3.4828 0.26512 8.4049
0.0027473 12.784 1082 0.41042 501.84 3.4862 0.26432 8.3996
0.0027476 12.775 1084.3 0.40169 91.578 3.5176 0.26265 8.3961
0.0027481 12.769 1087 0.4063 209.89 3.4972 0.26439 8.3927
0.0027487 12.755 1091.1 0.40855 390.79 3.49 0.26381 8.3869
0.0027489 20.585 349.3 0.79483 122.44 3.2207 0.34765 11.851
0.0027504 12.726 1101.7 0.40691 591.48 3.489 0.26464 8.3731
0.002751 12.715 1105.5 0.4078 782.04 3.4883 0.26356 8.3682
0.0027517 12.703 1109.6 0.40708 699.16 3.4895 0.26342 8.3628
0.002753 20.667 344.32 0.93593 856.4 3.1913 0.23237 11.919
0.0027557 12.631 1135.2 0.40423 836.41 3.4936 0.2622 8.3304
0.0027564 20.896 340.33 0.83026 964.06 3.1905 0.35097 12
0.0027594 12.569 1158.5 0.39867 227.67 3.5092 0.2605 8.3021
0.0027612 21.062 334.99 0.82799 628.44 3.1874 0.36407 12.089
0.0027625 12.517 1178.5 0.39919 862.49 3.5014 0.2604 8.2786
0.0027631 12.505 1182.5 0.39723 834.04 3.5021 0.26164 8.2739
0.0027631 12.508 1182.3 0.39695 360.69 3.5076 0.26034 8.2746
0.0027655 12.469 1198.3 0.40755 855.74 3.5047 0.24909 8.2563
0.0027661 12.457 1202.2 0.39302 179.18 3.5208 0.25821 8.2518
0.0027702 21.528 325.49 0.86805 414.16 3.1833 0.35083 12.285
0.0027705 21.491 325.19 0.82457 628.26 3.1779 0.39578 12.283
0.0027709 12.386 1233.6 0.39258 406.27 3.5154 0.25766 8.2187
0.0027719 12.371 1240.1 0.39113 872.98 3.5116 0.25965 8.212
0.0027732 12.35 1248.9 0.39128 722.49 3.514 0.258 8.2025
0.0027746 12.329 1258.5 0.38644 141.62 3.5352 0.25558 8.1929
0.0027748 12.325 1259.9 0.391 824.17 3.5152 0.25698 8.1913
0.0027751 12.319 1262 0.39064 885.62 3.515 0.25709 8.1891
0.0027756 12.315 1264.9 0.39055 830.88 3.5161 0.25677 8.1864
0.0027757 12.311 1265.7 0.38923 456.19 3.5192 0.25689 8.1852
0.0027764 12.303 1270.6 0.38821 308.22 3.5246 0.25618 8.1808
0.0027772 12.293 1275.8 0.38919 582.98 3.52 0.2562 8.1758
0.0027776 12.283 1278.8 0.386 218.78 3.5303 0.2559 8.1723
0.0027786 12.272 1285.6 0.38776 572.3 3.5212 0.25636 8.1664
0.0027796 12.253 1292.6 0.38799 928.48 3.5199 0.25582 8.1593
0.0027818 12.225 1308 0.38468 364.96 3.5278 0.25562 8.1452
0.0027831 12.208 1316.5 0.38529 956.42 3.5228 0.25582 8.1375
0.002784 12.195 1322.9 0.38372 331.22 3.531 0.2545 8.1316
0.0027842 12.191 1324.2 0.38044 152.75 3.5435 0.25392 8.1301
0.0027845 12.184 1326.2 0.3804 139.3 3.5454 0.25304 8.1287
0.0027853 12.177 1332.1 0.38339 395.63 3.5306 0.25426 8.1232
0.0027857 12.171 1334.8 0.38105 158.07 3.5443 0.25235 8.1207
0.0027858 12.168 1335.4 0.38333 590.19 3.5283 0.25469 8.12
0.0027859 12.17 1336.4 0.38342 578.52 3.5284 0.2546 8.1196
0.0027876 12.145 1348.3 0.38216 414.57 3.5326 0.25369 8.1088
0.00279 12.113 1365.5 0.3805 350.08 3.5366 0.25297 8.094
0.0027906 12.104 1369.8 0.37919 249.71 3.5412 0.25262 8.0903
0.0027911 12.098 1373.5 0.38112 803.08 3.532 0.25313 8.0873
0.002792 12.087 1380 0.37415 139.98 3.5534 0.25342 8.0821
0.0027923 12.083 1382 0.38001 770.46 3.5334 0.25324 8.0802
0.0027932 12.072 1388.5 0.38004 962.44 3.5334 0.25282 8.075
0.0027934 12.068 1390.1 0.37328 101.61 3.5644 0.25047 8.0735
0.0027936 12.065 1391.5 0.37837 366.17 3.5397 0.25237 8.0724
0.0027943 12.057 1396.4 0.37952 810.17 3.5351 0.25227 8.0684
0.0027947 12.048 1400.1 0.37425 200.22 3.5488 0.25321 8.0651
0.0027955 12.042 1405.4 0.37708 629.19 3.5384 0.25336 8.061
0.0027981 12.007 1425.2 0.37671 536.83 3.5412 0.25143 8.0454
0.0028002 11.981 1440.7 0.37473 888.41 3.5409 0.25257 8.0335
0.0028018 11.961 1452.9 0.37114 152.57 3.5613 0.2495 8.0243
0.0028031 11.943 1462.7 0.37238 252.77 3.5532 0.24983 8.0167
0.0028041 11.933 1470.2 0.37033 163.05 3.562 0.24909 8.0115
0.0028041 11.933 1470.5 0.37241 256.02 3.5542 0.24921 8.0112
0.0028068 11.899 1491.1 0.36498 100.27 3.5778 0.24866 7.996
0.0028068 11.901 1491.3 0.37206 526.09 3.5497 0.24963 7.9963
0.0028068 11.902 1491.4 0.3715 407.96 3.5521 0.24963 7.9961
0.0028072 11.894 1494.4 0.37237 745.42 3.548 0.2495 7.9938
0.0028076 11.889 1497.7 0.36854 166.97 3.565 0.24841 7.9916
0.0028077 11.888 1498.3 0.35303 39.751 3.6321 0.24554 7.9911
0.0028098 11.864 1514.8 0.36926 302.72 3.5573 0.24885 7.9798
0.0028102 11.86 1518.1 0.37135 639.63 3.5516 0.24822 7.9776
0.0028105 11.856 1520.6 0.37031 623.08 3.5521 0.24902 7.9759
0.0028108 11.856 1523 0.4064 549.44 3.554 0.2125 7.9747
0.0028111 11.846 1525.6 0.36933 356.28 3.557 0.24822 7.9721
0.0028114 11.843 1527.7 0.36849 284.08 3.5602 0.24815 7.9707
0.0028114 11.845 1527.5 0.36987 595.99 3.5532 0.24874 7.971
0.0028114 11.845 1527.8 0.36423 93.122 3.5856 0.24544 7.9712
0.0028115 11.842 1528.6 0.36538 135.71 3.5735 0.24742 7.9702
0.0028124 11.834 1535.4 0.36565 160.38 3.5703 0.24774 7.9658
0.0028137 11.817 1546.2 0.36611 194.76 3.5676 0.24737 7.9584
0.0028145 11.809 1552.7 0.36832 541.18 3.5567 0.24793 7.9544
0.0028154 11.799 1560.3 0.36546 216.46 3.5673 0.24741 7.9494
0.002818 11.769 1581.3 0.36551 328.62 3.564 0.24719 7.9359
0.0028182 11.767 1583.3 0.3686 383.47 3.564 0.24427 7.9348
0.0028182 11.774 1582.9 0.36942 975.13 3.5579 0.24527 7.9358
0.0028186 11.763 1586.2 0.36633 554.6 3.5603 0.24717 7.9329
0.0028193 11.755 1592.3 0.36296 173.93 3.5749 0.2462 7.9291
0.00282 11.748 1598.3 0.36461 368.17 3.5647 0.24709 7.9255
0.0028204 11.74 1601.6 0.36439 325.53 3.5666 0.24652 7.9229
0.0028213 11.732 1609 0.36543 933.21 3.5601 0.24696 7.9187
0.0028224 11.719 1617.9 0.36455 705.87 3.5622 0.24676 7.9132
0.0028231 11.71 1623.9 0.36392 468.84 3.567 0.24608 7.91
0.0028234 11.708 1626.8 0.36387 509.36 3.5654 0.2462 7.908
0.002824 11.701 1632 0.36404 823.1 3.5635 0.24634 7.9046
0.0028252 11.689 1642.4 0.36215 309.75 3.5713 0.24554 7.8988
0.0028259 11.679 1648.7 0.35572 94.566 3.5981 0.24436 7.8949
0.0028271 11.669 1658.3 0.36313 944.19 3.5655 0.24543 7.8895
0.0028277 11.662 1663.7 0.35987 214.17 3.5788 0.24482 7.8865
0.0028284 11.655 1670 0.36109 459.04 3.5704 0.24558 7.8829
0.002829 11.651 1675.8 0.36242 947.9 3.5654 0.24514 7.88
0.0028294 11.644 1679.1 0.34995 58.157 3.6248 0.24184 7.8778
0.0028296 11.642 1680.9 0.36018 291.12 3.5762 0.24446 7.8768
0.0028302 11.633 1685.9 0.35588 120.42 3.5951 0.24359 7.873
0.0028313 11.624 1695.7 0.3591 281.41 3.5781 0.24436 7.8686
0.0028317 11.619 1699.3 0.35884 273.59 3.5787 0.24426 7.8666
0.0028318 11.618 1700.7 0.36055 981.49 3.5694 0.24502 7.8659
0.0028319 11.615 1701.5 0.35912 316.23 3.5771 0.24423 7.8652
0.002832 11.613 1702.3 0.36002 687.06 3.5715 0.24487 7.8653
0.002832 11.616 1702.3 0.35816 238.69 3.5808 0.24423 7.8649
0.0028322 11.613 1703.9 0.35853 322.14 3.5767 0.24476 7.8638
0.0028325 11.611 1706.4 0.36002 698.8 3.5716 0.24471 7.8628
0.0028332 11.601 1713.3 0.35926 472.13 3.5746 0.24426 7.8587
0.0028335 11.6 1715.9 0.35954 596.23 3.5733 0.24432 7.8577
0.0028336 11.599 1716.4 0.35373 382.71 3.5782 0.24905 7.8573
0.0028338 11.597 1718.8 0.35954 722.99 3.5725 0.24442 7.8563
0.002834 11.596 1720.1 0.35661 202.27 3.5876 0.2437 7.8548
0.002835 11.584 1729.4 0.35841 497.31 3.5758 0.24418 7.8504
0.0028351 11.583 1730.6 0.35804 407.48 3.5777 0.244 7.8496
0.0028366 11.568 1744.1 0.35926 735.01 3.5748 0.24297 7.8427
0.002837 11.564 1748.2 0.35844 986.96 3.5739 0.24387 7.8408
0.0028376 11.558 1753.2 0.35739 531.44 3.5776 0.24372 7.8381
0.0028378 11.554 1755.3 0.358 959.72 3.5747 0.24371 7.8367
0.0028385 11.548 1761.6 0.35628 574.97 3.578 0.24439 7.8336
0.0028385 11.549 1761.4 0.35673 444.98 3.5797 0.24348 7.8339
0.002839 11.544 1766.3 0.35719 630.36 3.5776 0.24337 7.8314
0.0028392 11.542 1768.6 0.35708 635.55 3.5776 0.24336 7.8304
0.0028398 11.535 1774 0.35681 714.88 3.5778 0.2434 7.8275
0.0028406 11.527 1781.4 0.35672 829.75 3.5778 0.24319 7.8237
0.0028407 11.525 1782.3 0.35437 219.92 3.5897 0.24225 7.8232
0.0028414 11.518 1789.5 0.35635 935.03 3.5781 0.24318 7.8198
0.002842 11.511 1795 0.35582 507.39 3.5818 0.24242 7.8169
0.0028424 11.506 1798.4 0.3543 345.35 3.5863 0.24277 7.8151
0.0028428 11.505 1802.3 0.35383 246.84 3.5898 0.24206 7.8136
0.0028438 11.494 1812.2 0.35516 674.04 3.5819 0.24252 7.8088
0.0028439 11.494 1812.9 0.35251 189.22 3.5953 0.24155 7.8084
0.0028449 11.483 1823.1 0.35456 579.62 3.5834 0.24223 7.8036
0.0028464 11.467 1837.9 0.35372 569.88 3.5847 0.24208 7.7964
0.0028465 11.467 1838.9 0.35307 378.05 3.5881 0.24188 7.7961
0.0028467 11.465 1841.1 0.35359 555.78 3.5853 0.24204 7.7951
0.002847 11.463 1843.6 0.35451 936.03 3.5829 0.24168 7.794
0.0028471 11.462 1844.5 0.35196 391.89 3.5885 0.24274 7.7935
0.0028474 11.459 1847.5 0.35282 371.05 3.5889 0.24158 7.7922
0.0028476 11.455 1849.3 0.35305 460.56 3.5873 0.24166 7.791
0.0028476 11.457 1849.1 0.35037 164.11 3.6013 0.24074 7.7914
0.002849 11.443 1863.4 0.35432 197.97 3.5987 0.23692 7.7848
0.0028495 11.437 1868.9 0.35255 629 3.5866 0.24162 7.7825
0.0028495 11.438 1869 0.35074 233.03 3.5965 0.24092 7.7825
0.0028505 11.427 1878.8 0.3481 142.52 3.607 0.24038 7.7777
0.0028505 11.428 1878.8 0.35257 805.68 3.5864 0.24138 7.778
0.0028507 11.426 1880.9 0.35116 330.35 3.593 0.24099 7.777
0.0028507 11.427 1880.5 0.3518 455.54 3.5901 0.24116 7.7773
0.0028511 11.423 1885 0.35263 916.28 3.5861 0.24113 7.7752
0.0028512 11.422 1885.9 0.35223 854.13 3.5868 0.24137 7.7748
0.0028516 11.418 1890.1 0.35301 768.76 3.5875 0.24025 7.773
0.0028522 11.41 1895.8 0.35226 845.46 3.5879 0.24068 7.7701
0.0028526 11.41 1899.8 0.35144 459.01 3.5917 0.24048 7.7689
0.0028528 11.406 1902.4 0.34874 198.07 3.6021 0.24028 7.7675
0.0028532 11.402 1906.8 0.35032 673.25 3.59 0.24178 7.7656
0.0028538 11.397 1912.4 0.3485 196.94 3.603 0.23996 7.7632
0.0028545 11.391 1919.3 0.35049 543.4 3.5918 0.24066 7.7606
0.002855 11.383 1925.2 0.34487 106.14 3.6199 0.2388 7.7575
0.0028554 11.382 1928.6 0.34941 628.96 3.5919 0.24138 7.7562
0.0028558 11.378 1933.2 0.35042 864.95 3.5906 0.24055 7.7544
0.0028571 11.366 1946.9 0.35006 948.13 3.5914 0.24028 7.7488
0.0028574 11.363 1949.8 0.34956 634.84 3.5935 0.24013 7.7474
0.0028577 11.358 1953.3 0.34972 855.09 3.5922 0.24009 7.7457
0.0028577 11.359 1953.6 0.3473 219.67 3.6046 0.2394 7.7458
0.0028584 11.352 1960.8 0.34833 418.19 3.5978 0.23991 7.7426
0.0028585 11.35 1962.4 0.34878 566.83 3.5951 0.23999 7.742
0.0028587 11.35 1964.2 0.3478 280.78 3.6016 0.23927 7.7412
0.0028592 11.346 1969.6 0.34908 849.44 3.5939 0.23993 7.7393
0.0028596 11.342 1974 0.34763 470.29 3.5972 0.2403 7.7377
0.0028597 11.341 1975.2 0.34851 526.75 3.5966 0.23955 7.7371
0.0028604 11.334 1982 0.34311 112.71 3.6222 0.23817 7.7342
0.0028604 11.334 1982 0.34805 401.57 3.5992 0.23907 7.734
0.0028607 11.329 1986.1 0.34797 542.62 3.5971 0.2395 7.7324
0.0028608 11.331 1987.1 0.34815 652.7 3.5962 0.23963 7.7323
0.0028622 11.318 2002.1 0.34728 470.18 3.5993 0.2392 7.7263
0.0028631 11.309 2012.4 0.34711 675.08 3.5978 0.23946 7.7224
0.0028633 11.307 2014.3 0.34732 610.52 3.5979 0.23903 7.7215
0.0028638 11.303 2019.9 0.34568 273.62 3.6064 0.23847 7.7193
0.0028645 11.298 2027.5 0.34517 307.64 3.6099 0.2387 7.7156
0.0028659 11.284 2043.6 0.34662 985.45 3.5986 0.23881 7.7104
0.0028663 11.28 2047.6 0.34399 221.9 3.6114 0.23803 7.7089
0.0028665 11.28 2050.4 0.34611 676.65 3.6006 0.23865 7.7081
0.0028678 11.268 2064.9 0.3447 352.85 3.6068 0.23805 7.7025
0.002868 11.266 2067.2 0.34515 480.31 3.6038 0.23823 7.7017
0.0028683 11.26 2071.1 0.3459 866.86 3.6011 0.23801 7.6998
0.0028686 11.26 2073.5 0.34581 848.07 3.6013 0.23803 7.6993
0.0028686 11.26 2074.1 0.34371 264.26 3.6108 0.23773 7.6991
0.0028687 11.258 2075.6 0.34526 720.91 3.6021 0.23831 7.6985
0.0028687 11.258 2075.8 0.34532 692.99 3.602 0.23822 7.6985
0.0028689 11.257 2077.9 0.34547 784.35 3.6021 0.2381 7.6978
0.0028693 11.252 2081.8 0.32574 32.24 3.7085 0.23155 7.696
0.0028695 11.249 2084.8 0.34468 572.49 3.6047 0.23801 7.695
0.0028698 11.247 2088.3 0.33947 119.82 3.6278 0.23714 7.6937
0.0028698 11.249 2087.7 0.34507 911.61 3.6022 0.23819 7.6942
0.0028706 11.239 2097.7 0.34396 455.86 3.6069 0.23773 7.6902
0.0028716 11.229 2109.1 0.31879 116.21 3.6297 0.2566 7.686
0.0028716 11.232 2109.3 0.34434 934.79 3.6034 0.23795 7.6864
0.0028718 11.23 2111.8 0.34417 821.67 3.6044 0.23785 7.6854
0.0028731 11.219 2126.2 0.34337 585.44 3.6069 0.23757 7.6804
0.0028733 11.217 2129.7 0.34364 829.79 3.6053 0.2376 7.6792
0.002874 11.211 2137.2 0.34316 673.14 3.6067 0.23751 7.6767
0.0028744 11.209 2141.7 0.34176 261.16 3.615 0.23666 7.6751
0.0028745 11.207 2143.4 0.33735 100.34 3.6378 0.23539 7.6744
0.0028747 11.203 2145.6 0.31459 20.436 3.7765 0.2256 7.6734
0.0028752 11.201 2151.9 0.34274 653.95 3.6079 0.23725 7.6717
0.0028753 11.198 2153.5 0.34301 913.47 3.6064 0.23722 7.6708
0.0028758 11.194 2159.1 0.34004 189.1 3.6219 0.23613 7.6689
0.0028758 11.195 2158.9 0.33983 177.41 3.6233 0.23611 7.6692
0.0028761 11.194 2162.3 0.34198 820.51 3.6077 0.23783 7.6683
0.0028767 11.186 2169.8 0.34083 289.03 3.616 0.23656 7.6653
0.0028777 11.179 2182 0.3307 52.165 3.6731 0.23242 7.6615
0.0028782 11.172 2189.2 0.34196 948.63 3.6086 0.23678 7.6589
0.0028783 11.173 2190.2 0.34144 549.23 3.6116 0.23662 7.6588
0.0028785 11.171 2193 0.34182 631.55 3.6109 0.23634 7.6578
0.0028798 11.161 2208.4 0.33883 194.59 3.6239 0.23553 7.6529
0.0028802 11.157 2213.3 0.34125 813.49 3.6111 0.23638 7.6513
0.0028803 11.155 2215.4 0.34094 658.61 3.6119 0.23635 7.6506
0.0028805 11.156 2217.2 0.33829 347.45 3.6175 0.23771 7.6504
0.0028807 11.154 2219.6 0.34045 489.13 3.6143 0.23624 7.6494
0.0028808 11.152 2221.3 0.33965 391.91 3.6163 0.23645 7.6488
0.0028808 11.152 2221.7 0.34075 682.33 3.6122 0.23635 7.6486
0.0028811 11.15 2224.4 0.34028 522.19 3.614 0.23628 7.6477
0.0028828 11.135 2246.5 0.33994 634.46 3.6141 0.23605 7.6408
0.002884 11.125 2262.4 0.33981 800.81 3.6139 0.23585 7.636
0.002884 11.126 2262.8 0.33976 792.61 3.6143 0.2359 7.6359
0.0028855 11.112 2281.9 0.33862 493.08 3.618 0.23556 7.63
0.0028864 11.105 2294 0.33608 172.66 3.6325 0.23431 7.6265
0.0028865 11.103 2295.5 0.33625 181.95 3.6315 0.2343 7.6258
0.0028866 11.102 2296.1 0.33881 779.77 3.6163 0.23547 7.6256
0.0028868 11.101 2298.9 0.3357 154.56 3.6349 0.23387 7.6248
0.0028875 11.095 2307.8 0.33865 659.33 3.6178 0.235 7.6223
0.0028876 11.094 2309.6 0.3362 223.63 3.6286 0.23474 7.6216
0.0028877 11.093 2311.1 0.33807 867.95 3.6165 0.2358 7.6212
0.0028877 11.093 2311.4 0.33653 360.37 3.6225 0.23586 7.6211
0.0028882 11.089 2317.1 0.33565 192.71 3.6315 0.23435 7.6194
0.0028883 11.087 2318.4 0.33753 412.15 3.6215 0.23483 7.6188
0.0028884 11.088 2320.9 0.33686 304.64 3.6249 0.23475 7.6184
0.0028888 11.084 2325 0.33802 400.37 3.6223 0.2341 7.6171
0.0028892 11.081 2331.1 0.33626 270.6 3.6269 0.23458 7.6154
0.0028895 11.078 2335.5 0.33853 861.54 3.6181 0.2344 7.6141
0.0028897 11.076 2337.3 0.33365 131.98 3.6413 0.23348 7.6134
0.00289 11.072 2341.8 0.33278 114.43 3.6457 0.23313 7.6121
0.0028903 11.073 2345.5 0.33744 660.76 3.6203 0.23484 7.6114
0.0028909 11.064 2353.8 0.33695 919.32 3.6197 0.23522 7.6087
0.0028909 11.066 2354.8 0.33747 846.97 3.6194 0.23472 7.6085
0.0028915 11.063 2363.1 0.33683 562.82 3.6223 0.23458 7.6064
0.0028918 11.06 2366 0.33683 615.5 3.6216 0.23458 7.6055
0.0028923 11.056 2373.5 0.33635 618.67 3.6219 0.23481 7.6034
0.0028932 11.047 2386.6 0.33661 802.58 3.6214 0.2344 7.5996
0.0028932 11.048 2385.8 0.33683 654.51 3.6223 0.23396 7.6
0.0028932 11.048 2386.6 0.33625 495.49 3.6241 0.2341 7.5997
0.0028937 11.043 2393.7 0.3338 191.13 3.6362 0.23341 7.5976
0.0028939 11.042 2395.6 0.33412 217.25 3.6338 0.23358 7.5971
0.0028946 11.038 2405.6 0.32694 65.251 3.6734 0.23114 7.5948
0.0028948 11.033 2408.3 0.33586 721.15 3.6231 0.23417 7.5934
0.002896 11.025 2425.3 0.33288 188.33 3.6387 0.23316 7.5892
0.0028963 11.021 2429.8 0.3354 669.66 3.6244 0.23383 7.5878
0.0028968 11.017 2437 0.33401 300.74 3.6315 0.23335 7.5859
0.0028969 11.017 2438.7 0.33543 950.79 3.6235 0.23393 7.5855
0.0028971 11.014 2441.2 0.3351 694.97 3.6249 0.23378 7.5847
0.0028975 11.01 2447 0.32881 132.77 3.6487 0.23437 7.5829
0.0028977 11.006 2450.9 0.33447 727.77 3.6259 0.23402 7.5818
0.0028983 11.006 2458.6 0.33458 777.52 3.6254 0.23392 7.5803
0.0028985 11.01 2461.8 0.33462 840.91 3.6258 0.234 7.5799
0.0028986 11.002 2462.9 0.33053 132.77 3.6482 0.23227 7.579
0.0028987 11.002 2465.4 0.33337 288.07 3.6343 0.23291 7.5785
0.0028991 11.001 2471.4 0.33461 852.17 3.6241 0.23372 7.5774
0.0028998 10.995 2481.3 0.33435 766.78 3.6265 0.23345 7.5748
0.0028998 10.996 2481.3 0.32065 44.274 3.7035 0.22892 7.5746
0.0029004 10.987 2490.1 0.33289 312.73 3.6339 0.23282 7.572
0.0029007 10.985 2494.2 0.3341 888.27 3.6266 0.23332 7.571
0.0029009 10.987 2497.2 0.33425 802.93 3.6275 0.23306 7.5706
0.002901 10.984 2499.2 0.33364 577.65 3.6291 0.23315 7.57
0.0029011 10.984 2499.9 0.33264 308.15 3.6348 0.23278 7.5699
0.0029021 10.974 2515.8 0.33351 763.12 3.6284 0.23304 7.5656
0.0029023 10.975 2518.1 0.33347 504.42 3.631 0.23251 7.5653
0.0029024 10.973 2520.5 0.33302 502.18 3.6312 0.23285 7.5647
0.0029027 10.97 2524.7 0.33321 667.26 3.6294 0.23297 7.5634
0.0029027 10.971 2524.8 0.3293 144.7 3.6488 0.23215 7.5635
0.0029028 10.971 2525.8 0.33329 714.91 3.6292 0.23298 7.5635
0.0029031 10.968 2531 0.33334 764.22 3.6292 0.23281 7.5622
0.0029032 10.965 2532.8 0.33245 421.74 3.6331 0.23263 7.5614
0.0029035 10.964 2537.1 0.33236 413.84 3.6335 0.23263 7.5606
0.0029036 10.965 2537.6 0.33275 540.79 3.6313 0.23276 7.5608
0.0029042 10.958 2547.6 0.33274 805.94 3.6297 0.23295 7.5578
0.0029046 10.954 2552.9 0.33262 681.47 3.6308 0.23264 7.5565
0.0029046 10.957 2553.3 0.33263 706.63 3.631 0.23274 7.5567
0.0029055 10.95 2567.4 0.3346 437.42 3.6345 0.22959 7.5532
0.0029056 10.948 2569.1 0.33248 708.13 3.6313 0.23245 7.5529
0.0029058 10.947 2571.6 0.32813 126.51 3.6551 0.23101 7.5523
0.0029061 10.944 2577.1 0.33135 415.49 3.6356 0.23241 7.551
0.0029064 10.94 2581 0.32864 154.96 3.6504 0.2314 7.5497
0.0029067 10.939 2586.9 0.33146 456.46 3.6352 0.2322 7.5487
0.0029068 10.937 2588 0.32686 106.41 3.6612 0.23048 7.5484
0.002907 10.936 2590.5 0.3319 896.27 3.6314 0.23254 7.5476
0.002907 10.937 2590.4 0.32814 137.48 3.6538 0.23099 7.5478
0.0029071 10.94 2592.4 0.32234 265.58 3.6406 0.23995 7.548
0.0029076 10.933 2600.2 0.33186 884.67 3.632 0.23233 7.5455
0.0029079 10.929 2606 0.33166 841.71 3.6324 0.23229 7.5441
0.0029081 10.927 2608.4 0.33071 373.09 3.6379 0.2318 7.5434
0.0029082 10.928 2609.9 0.3317 957.73 3.6323 0.23228 7.5434
0.0029085 10.924 2614.6 0.33126 706.44 3.6337 0.23221 7.542
0.0029086 10.924 2616.2 0.32892 160.25 3.6509 0.23036 7.5417
0.0029099 10.914 2637.4 0.32986 322.07 3.6409 0.23152 7.537
0.00291 10.914 2639.5 0.33014 221.49 3.6462 0.22995 7.5366
0.0029106 10.907 2649 0.32996 465.84 3.638 0.23186 7.5342
0.0029108 10.908 2652.7 0.32801 180.17 3.6506 0.23083 7.5337
0.0029111 10.905 2656.8 0.32962 353.75 3.6408 0.23145 7.5327
0.0029112 10.905 2658 0.33011 495.88 3.638 0.23164 7.5325
0.0029116 10.901 2665.6 0.33021 662.07 3.6365 0.23175 7.5307
0.0029116 10.902 2664.6 0.32958 364.67 3.6407 0.23137 7.531
0.0029122 10.895 2675 0.32465 107.89 3.6652 0.23028 7.5284
0.0029127 10.892 2682.9 0.32413 87.772 3.6731 0.22883 7.5269
0.0029129 10.892 2686.3 0.32872 427.88 3.6404 0.23198 7.5259
0.0029131 10.889 2690.8 0.32982 694.84 3.6373 0.23151 7.5252
0.0029138 10.883 2701.3 0.32912 467.53 3.6408 0.2312 7.5227
0.002914 10.883 2704.5 0.32735 198.42 3.6512 0.23047 7.5223
0.0029142 10.881 2709.3 0.32558 131.95 3.6605 0.22993 7.5212
0.0029144 10.88 2711.1 0.32963 960.55 3.6369 0.23149 7.5208
0.0029147 10.876 2716.2 0.32952 813.01 3.6376 0.23124 7.5195
0.0029157 10.87 2734 0.32581 164.54 3.6561 0.23034 7.516
0.0029157 10.87 2734.2 0.3284 368.76 3.6428 0.23072 7.5164
0.0029166 10.863 2748.8 0.329 640.52 3.6402 0.23065 7.5128
0.002917 10.858 2756.1 0.32866 701.51 3.6402 0.23085 7.5111
0.0029174 10.857 2764.1 0.32856 728.98 3.6403 0.23086 7.5097
0.0029179 10.853 2772.7 0.32858 945.83 3.6396 0.23089 7.5079
0.0029181 10.852 2776.3 0.32701 286.31 3.6488 0.23025 7.5073
0.0029182 10.851 2777.1 0.32837 767.76 3.6407 0.23077 7.5071
0.0029182 10.851 2777.2 0.32857 892.58 3.6398 0.23077 7.5077
0.0029183 10.849 2778.4 0.32809 595.77 3.642 0.23062 7.5065
0.0029183 10.85 2779.4 0.32787 465.77 3.6439 0.23048 7.5066
0.0029185 10.851 2781.7 0.32585 389.1 3.6452 0.23214 7.5064
0.0029188 10.845 2788.6 0.32844 709 3.6417 0.23029 7.5046
0.0029191 10.844 2793.6 0.32819 917.57 3.6405 0.23073 7.5037
0.0029192 10.843 2794.3 0.32696 322.23 3.648 0.23017 7.5035
0.0029193 10.843 2796.8 0.3258 208.7 3.6543 0.22981 7.5031
0.0029196 10.839 2801.7 0.32769 750.02 3.6417 0.23073 7.5019
0.0029198 10.837 2804.9 0.32257 108.25 3.6716 0.22891 7.5011
0.0029205 10.833 2819 0.32661 340.94 3.6483 0.23005 7.4986
0.0029206 10.832 2820.2 0.32778 954.23 3.6416 0.23046 7.4982
0.0029207 10.832 2821.9 0.327 418 3.6465 0.23006 7.4981
0.0029211 10.827 2829.7 0.32755 926.57 3.642 0.23038 7.4963
0.0029211 10.828 2828 0.32759 924.01 3.6421 0.23038 7.4968
0.0029212 10.829 2830.9 0.32715 577.09 3.6448 0.23023 7.4963
0.0029219 10.821 2844.1 0.32585 295.11 3.6509 0.22975 7.4935
0.0029221 10.822 2846.3 0.32272 120.28 3.6691 0.22867 7.4933
0.0029224 10.819 2852.8 0.32417 173.8 3.6602 0.22923 7.492
0.0029225 10.817 2855.2 0.32252 120.2 3.6694 0.2286 7.4914
0.0029226 10.817 2855.4 0.34067 800.61 3.6426 0.21658 7.4915
0.0029228 10.815 2859.9 0.32649 598.5 3.6449 0.23028 7.4912
0.002923 10.815 2863 0.325 233.98 3.655 0.22942 7.49
0.0029232 10.812 2866.2 0.32525 264.34 3.6534 0.22944 7.4892
0.0029232 10.812 2868 0.32566 323.07 3.6516 0.22958 7.4891
0.0029233 10.813 2869 0.32696 988.18 3.6435 0.23012 7.4889
0.0029235 10.811 2873.3 0.3257 356.27 3.6502 0.22973 7.4881
0.0029236 10.809 2874.1 0.32545 312.3 3.6518 0.22955 7.4876
0.0029237 10.81 2876.8 0.32615 542.23 3.6469 0.23004 7.4875
0.0029243 10.804 2888.1 0.3249 279 3.6537 0.22949 7.4852
0.0029243 10.805 2887.9 0.32307 151.51 3.6647 0.22876 7.4853
0.0029244 10.805 2889.9 0.32594 358.95 3.6509 0.22911 7.485
0.0029245 10.804 2891.7 0.32645 809.25 3.6453 0.22988 7.4846
0.0029247 10.803 2894.2 0.32639 772.29 3.6456 0.22985 7.4842
0.0029249 10.801 2898.1 0.32652 966.41 3.6448 0.22985 7.4834
0.0029252 10.798 2904.9 0.32588 648.44 3.6468 0.22989 7.4821
0.0029254 10.797 2908.6 0.32493 294.86 3.6537 0.22916 7.4814
0.0029255 10.795 2910 0.32485 303.94 3.6534 0.22922 7.4809
0.0029257 10.795 2913.3 0.32515 357.72 3.6518 0.22934 7.4806
0.0029258 10.795 2915.4 0.32582 596.1 3.6478 0.22962 7.4803
0.0029261 10.792 2920.9 0.32099 111.81 3.6744 0.2281 7.4792
0.0029266 10.788 2931 0.32131 109.81 3.6754 0.22741 7.4772
0.002927 10.784 2937.7 0.32595 855.77 3.6468 0.2293 7.4758
0.0029271 10.784 2940.7 0.32622 457.57 3.6506 0.22815 7.4755
0.0029274 10.782 2946.8 0.32562 841.96 3.6472 0.22948 7.4744
0.0029275 10.781 2947.5 0.32521 579.37 3.6492 0.22935 7.4741
0.0029278 10.778 2953 0.32533 713.61 3.6482 0.22935 7.4731
0.0029278 10.778 2953.3 0.31402 50.271 3.7152 0.22526 7.473
0.0029281 10.777 2959.8 0.32545 887.1 3.6475 0.22939 7.4721
0.0029282 10.777 2961.4 0.32541 964.76 3.6473 0.22948 7.4717
0.002929 10.769 2977 0.3244 437.31 3.6523 0.22899 7.4688
0.0029294 10.767 2985.1 0.31752 81.868 3.6888 0.22738 7.4675
0.00293 10.762 2997.1 0.32489 965.37 3.6482 0.22914 7.4652
0.0029302 10.761 2999.6 0.31628 72.98 3.6947 0.22703 7.4648
0.0029302 10.762 3000.4 0.32462 667.83 3.6508 0.22897 7.4649
0.0029304 10.761 3003.9 0.32407 474.75 3.6528 0.22894 7.4643
0.0029313 10.754 3023 0.32424 657.85 3.6511 0.22888 7.461
0.0029314 10.753 3024.7 0.2886 15.087 3.8841 0.21465 7.4607
0.0029314 10.753 3024.8 0.32343 448.35 3.6539 0.22904 7.4607
0.0029316 10.752 3028.8 0.32356 416.33 3.6547 0.22868 7.46
0.002932 10.749 3037.1 0.32395 657.85 3.652 0.22884 7.4586
0.0029324 10.747 3045.5 0.32422 817.75 3.6512 0.22869 7.4574
0.0029325 10.745 3045.8 0.32413 939.24 3.6506 0.22885 7.457
0.0029329 10.742 3054.3 0.32331 450.89 3.6551 0.22851 7.4557
0.0029333 10.738 3062.8 0.32392 847.42 3.6511 0.22857 7.454
0.0029333 10.74 3063.5 0.32343 529.54 3.6542 0.2285 7.4542
0.0029337 10.737 3071.9 0.323 420.31 3.6561 0.22834 7.4528
0.0029338 10.736 3073.7 0.32189 245.23 3.6623 0.22795 7.4524
0.0029352 10.725 3101.8 0.32296 628.85 3.6544 0.22839 7.4476
0.0029358 10.721 3114.8 0.31982 912.72 3.6519 0.23175 7.4456
0.0029358 10.722 3113.9 0.32313 884.33 3.6532 0.22839 7.4457
0.0029359 10.721 3116.3 0.31745 95.457 3.6872 0.22616 7.4454
0.0029363 10.716 3125.8 0.32294 846.33 3.6537 0.22821 7.4437
0.0029363 10.719 3124.5 0.32295 825.24 3.654 0.22828 7.4441
0.0029364 10.718 3127.4 0.32225 442.37 3.658 0.22802 7.4437
0.0029365 10.717 3128.5 0.3222 699.98 3.655 0.22873 7.4434
0.0029366 10.716 3131.2 0.32272 703.36 3.6548 0.22818 7.443
0.0029367 10.713 3134 0.32277 949.93 3.6534 0.22834 7.4424
0.0029367 10.715 3133.2 0.32154 308.27 3.6615 0.22779 7.4429
0.0029369 10.713 3136.7 0.32236 496 3.6571 0.22793 7.4421
0.0029373 10.711 3145.1 0.32188 358.9 3.6604 0.22756 7.4407
0.0029374 10.71 3149.1 0.32217 517.5 3.6571 0.22795 7.4403
0.0029375 10.709 3150.2 0.32229 597.76 3.6566 0.22801 7.44
0.0029375 10.71 3149.4 0.32027 200.44 3.6685 0.22724 7.44
0.0029377 10.708 3153.9 0.31929 153.59 3.6741 0.22687 7.4394
0.0029378 10.707 3156.9 0.32149 357.55 3.6608 0.22773 7.4389
0.0029385 10.702 3172.6 0.32097 296.16 3.6634 0.22745 7.4364
0.0029387 10.701 3176.4 0.32225 857.13 3.6555 0.22797 7.4359
0.002939 10.699 3183.2 0.31767 878.86 3.6563 0.23241 7.4346
0.002939 10.7 3183 0.32128 349.55 3.6618 0.22742 7.4349
0.0029391 10.698 3185.9 0.3221 805.12 3.6559 0.22787 7.4344
0.0029391 10.699 3184.4 0.32141 412.31 3.6603 0.22761 7.4347
0.00294 10.691 3205.3 0.31868 149.11 3.6766 0.22631 7.4315
0.00294 10.692 3205.1 0.32009 250.33 3.6669 0.22716 7.4314
0.0029401 10.691 3207.3 0.32103 404.42 3.6617 0.22746 7.4311
0.0029402 10.69 3208 0.3219 949.68 3.6562 0.22779 7.431
0.0029402 10.69 3208.4 0.32182 843.67 3.6567 0.22771 7.4309
0.0029404 10.689 3212.8 0.32006 252.7 3.6669 0.22709 7.4303
0.0029406 10.688 3216.6 0.32073 388.27 3.6622 0.2275 7.4293
0.0029408 10.685 3221.2 0.31989 252.42 3.6671 0.22702 7.4288
0.0029419 10.679 3245.6 0.32052 409.96 3.6625 0.22729 7.4253
0.0029421 10.677 3251.2 0.32011 318.73 3.6651 0.227 7.4245
0.0029424 10.675 3258.7 0.32054 495.12 3.6612 0.22738 7.4234
0.0029425 10.674 3260.4 0.32119 938.8 3.6579 0.2275 7.4231
0.0029433 10.669 3279 0.31972 316.46 3.6662 0.22687 7.4205
0.0029437 10.666 3286.8 0.3204 951.87 3.6588 0.22782 7.4193
0.0029438 10.665 3288.6 0.31733 230.82 3.6707 0.22806 7.4189
0.0029444 10.661 3304.2 0.31921 288.01 3.668 0.22665 7.4168
0.0029445 10.66 3306.7 0.31585 100.24 3.692 0.22455 7.4163
0.0029447 10.657 3311 0.31935 319.09 3.667 0.22659 7.4155
0.0029447 10.658 3311.2 0.32058 947.43 3.6595 0.22717 7.4156
0.0029449 10.657 3314.4 0.31954 372.07 3.6657 0.22676 7.4152
0.0029455 10.654 3328.9 0.32035 835.45 3.6597 0.22704 7.4134
0.0029456 10.653 3330.3 0.31736 170.81 3.6776 0.22604 7.4129
0.0029458 10.649 3335.4 0.32012 836.99 3.6607 0.22701 7.412
0.0029464 10.647 3350.8 0.31974 601.99 3.6629 0.22681 7.4101
0.0029465 10.647 3351.4 0.31985 673.39 3.6624 0.22683 7.4102
0.0029467 10.643 3357.6 0.31654 148.73 3.6816 0.22557 7.4089
0.0029467 10.643 3358 0.31949 540.29 3.6639 0.22668 7.4088
0.0029468 10.643 3358.7 0.31992 908.93 3.6611 0.22688 7.4087
0.002947 10.643 3365.2 0.31908 950.03 3.6615 0.22768 7.4081
0.0029472 10.64 3368.3 0.31453 110.82 3.6903 0.2255 7.4074
0.0029473 10.64 3371.8 0.31772 266.13 3.6713 0.22667 7.407
0.0029475 10.639 3375.2 0.31936 459.38 3.6656 0.22632 7.4068
0.0029475 10.639 3376.4 0.31797 233.77 3.6733 0.22591 7.4065
0.0029479 10.635 3384.4 0.31943 701.38 3.6631 0.22663 7.4052
0.0029485 10.633 3399.6 0.31271 87.58 3.7001 0.2249 7.4033
0.0029487 10.631 3403.6 0.31926 714.68 3.6637 0.22656 7.4028
0.0029487 10.631 3405.2 0.31272 88.93 3.6996 0.22493 7.4026
0.0029488 10.632 3406.3 0.30931 167.31 3.68 0.23274 7.4027
0.0029489 10.629 3410 0.31943 858.29 3.6629 0.22649 7.4019
0.0029491 10.628 3414.9 0.3088 54.275 3.7259 0.22294 7.4013
0.0029492 10.628 3416.9 0.3162 160.82 3.6816 0.22539 7.401
0.0029494 10.625 3421.6 0.31919 950.75 3.6626 0.22658 7.4004
0.0029494 10.626 3421.3 0.31859 481.95 3.6668 0.22635 7.4005
0.0029494 10.627 3422.2 0.31736 239.97 3.6745 0.22586 7.4004
0.0029496 10.625 3425.5 0.31909 815.18 3.6637 0.2265 7.3999
0.0029499 10.623 3434.2 0.31878 602.91 3.6653 0.22632 7.3986
0.0029502 10.621 3441 0.31961 818.19 3.664 0.22576 7.3979
0.0029505 10.617 3449.6 0.31811 428.9 3.6686 0.22607 7.3964
0.0029505 10.62 3447.9 0.31317 92.837 3.699 0.22421 7.3971
0.0029511 10.615 3463.4 0.31848 879.69 3.6643 0.2266 7.3949
0.0029514 10.611 3469.8 0.31867 951.8 3.6642 0.22628 7.3938
0.0029514 10.613 3469.9 0.31834 648.92 3.6662 0.22626 7.394
0.0029516 10.611 3475.5 0.31711 377.77 3.6703 0.22647 7.3933
0.0029516 10.612 3475.4 0.31556 160.59 3.6839 0.22505 7.3934
0.0029519 10.609 3483.2 0.31573 174.3 3.6817 0.22517 7.3922
0.002952 10.609 3484.8 0.31785 450.56 3.669 0.22593 7.392
0.0029521 10.606 3488.7 0.31243 98.886 3.6978 0.22473 7.3914
0.0029524 10.606 3495.5 0.30952 62.445 3.7196 0.22285 7.3908
0.0029525 10.603 3499.8 0.31828 880.43 3.6654 0.22609 7.3899
0.0029525 10.605 3498.2 0.31813 397.3 3.6701 0.22522 7.3904
0.0029526 10.603 3499.9 0.31269 105.74 3.6957 0.22481 7.3899
0.0029526 10.604 3501.3 0.31799 572.75 3.6677 0.22592 7.3899
0.0029526 10.604 3502 0.31816 739.44 3.6662 0.22608 7.3898
0.0029529 10.603 3508.6 0.31251 96.694 3.6994 0.22421 7.389
0.002953 10.601 3511.8 0.31813 811.3 3.6661 0.22606 7.3883
0.0029532 10.6 3515.3 0.31416 135.79 3.6883 0.2249 7.3882
0.002954 10.594 3537.9 0.31479 169.38 3.6849 0.22501 7.3852
0.0029542 10.594 3542.6 0.3179 927.05 3.6665 0.22593 7.3848
0.0029546 10.589 3552 0.3136 143.48 3.688 0.22512 7.3833
0.0029546 10.591 3552.8 0.32297 688.8 3.6682 0.22037 7.3834
0.0029548 10.588 3557.2 0.31758 455.73 3.6709 0.22502 7.3827
0.0029549 10.587 3561 0.3174 728.32 3.6682 0.22578 7.3821
0.0029549 10.592 3560.7 0.32288 377.23 3.6722 0.21951 7.3834
0.0029551 10.585 3566.5 0.31746 581.52 3.6694 0.22537 7.3815
0.0029554 10.587 3571.9 0.31762 944.97 3.6676 0.22576 7.3811
0.0029557 10.582 3581.5 0.3158 230.7 3.6797 0.22461 7.3797
0.0029562 10.58 3594.7 0.31661 438.76 3.6723 0.22538 7.3783
0.0029564 10.578 3600.1 0.31671 504.34 3.6713 0.22546 7.3776
0.0029565 10.574 3602.2 0.31622 650.11 3.6689 0.22618 7.3768
0.0029567 10.575 3606.9 0.31311 142.93 3.6897 0.22475 7.3766
0.002957 10.575 3615.7 0.3164 470.42 3.6723 0.22542 7.3757
0.0029577 10.568 3634.3 0.31621 576.98 3.6714 0.22556 7.3732
0.0029582 10.566 3647.7 0.31682 770.02 3.6703 0.22515 7.3718
0.0029582 10.566 3648.2 0.3151 254.85 3.6797 0.22474 7.3719
0.0029582 10.566 3648.2 0.31522 271.67 3.6789 0.2248 7.3719
0.0029585 10.565 3655.4 0.31521 292.35 3.6781 0.22492 7.371
0.0029586 10.563 3657.7 0.31628 545.98 3.672 0.22514 7.3706
0.002959 10.561 3668.1 0.31356 160.96 3.6887 0.22409 7.3695
0.002959 10.561 3668.9 0.31637 705.53 3.6712 0.22523 7.3694
0.0029591 10.561 3671.4 0.31553 366.89 3.676 0.22495 7.3691
0.0029592 10.559 3675.4 0.31567 415.5 3.6751 0.22496 7.3686
0.0029592 10.559 3675.7 0.31621 773.97 3.6708 0.22538 7.3686
0.0029594 10.558 3681 0.31579 406.48 3.6755 0.22474 7.368
0.0029594 10.559 3680.2 0.31627 725.95 3.6714 0.2252 7.3681
0.0029597 10.558 3689.4 0.31436 231.05 3.6823 0.22457 7.3671
0.0029601 10.552 3699.9 0.31616 859.9 3.6709 0.22512 7.3656
0.0029601 10.554 3698.5 0.31613 804.13 3.671 0.22519 7.3659
0.0029603 10.552 3705.5 0.31595 453.54 3.6752 0.22444 7.3652
0.0029603 10.553 3704 0.31433 253.05 3.6813 0.22467 7.3654
0.0029603 10.553 3704.8 0.31792 764.84 3.6715 0.22328 7.3656
0.0029606 10.551 3713.1 0.31571 584.8 3.6734 0.22501 7.3642
0.0029608 10.55 3719 0.32404 589.8 3.6726 0.21668 7.364
0.002961 10.548 3723.7 0.31527 501.53 3.6749 0.22504 7.3632
0.0029611 10.547 3728 0.3159 846.57 3.6717 0.22505 7.3626
0.0029612 10.547 3729.4 0.31599 934.42 3.6715 0.22502 7.3624
0.0029613 10.546 3732.8 0.31568 675.44 3.673 0.22495 7.3621
0.0029616 10.544 3742.3 0.31207 129.86 3.696 0.22332 7.361
0.0029618 10.542 3747 0.31577 889.38 3.6722 0.22492 7.3605
0.0029619 10.54 3751 0.31573 821.37 3.6724 0.22479 7.3598
0.002962 10.54 3751.8 0.31577 935.52 3.6719 0.22485 7.3597
0.002962 10.541 3753.1 0.31324 188.11 3.6876 0.22393 7.3598
0.002962 10.541 3754 0.31498 512.08 3.6751 0.22497 7.3597
0.002962 10.541 3754.2 0.31553 699.88 3.6736 0.22481 7.3596
0.0029625 10.538 3765.9 0.31553 870.83 3.6726 0.22489 7.3583
0.0029626 10.537 3768.7 0.31481 403.13 3.6776 0.22446 7.358
0.0029626 10.538 3769.1 0.31195 138.24 3.695 0.22344 7.358
0.0029627 10.536 3771.9 0.31478 428.42 3.6772 0.22456 7.3576
0.0029628 10.536 3776.1 0.3144 640.83 3.6741 0.22556 7.3575
0.0029632 10.533 3788.4 0.31332 243.59 3.6841 0.22436 7.356
0.0029636 10.531 3800.1 0.31399 244.01 3.6838 0.22358 7.3547
0.0029637 10.53 3800.7 0.31213 157.62 3.6925 0.22354 7.3545
0.0029637 10.531 3800.1 0.31504 514.9 3.6762 0.2243 7.3548
0.0029638 10.527 3805.4 0.31066 125.61 3.6984 0.22357 7.3538
0.0029639 10.528 3807.1 0.31569 885.13 3.6734 0.22419 7.3538
0.0029641 10.525 3814 0.31367 279.81 3.6827 0.22402 7.3529
0.0029641 10.527 3814 0.31483 609.89 3.6757 0.22453 7.3531
0.0029642 10.534 3814.9 0.31351 374.09 3.68 0.22518 7.354
0.0029645 10.526 3823.5 0.31503 839.21 3.6743 0.22459 7.3522
0.0029646 10.524 3827.1 0.3147 673.06 3.6755 0.22459 7.3516
0.0029646 10.527 3827.8 0.31136 131.95 3.7008 0.22286 7.3519
0.002965 10.523 3839.7 0.3144 471.7 3.6779 0.22427 7.3505
0.0029651 10.521 3842.8 0.31268 215.77 3.6871 0.22384 7.3501
0.0029652 10.52 3844.9 0.31483 858.87 3.6747 0.22448 7.3497
0.0029653 10.519 3847.9 0.31495 708.98 3.6755 0.22414 7.3495
0.0029654 10.519 3852.5 0.3094 106.19 3.7052 0.2231 7.3489
0.0029655 10.518 3853.6 0.31462 713.31 3.6757 0.2244 7.3489
0.0029658 10.517 3862 0.31462 780.37 3.6755 0.2244 7.348
0.0029659 10.516 3865 0.31469 897.19 3.675 0.22442 7.3477
0.0029661 10.514 3872.8 0.31456 843.49 3.6753 0.22438 7.3468
0.0029663 10.513 3877.1 0.31307 284.3 3.684 0.2239 7.3464
0.0029664 10.512 3881.1 0.31429 667.46 3.6768 0.22426 7.346
0.0029666 10.512 3885.8 0.31354 314.41 3.6829 0.22362 7.3455
0.0029666 10.513 3887.1 0.31235 222.14 3.6874 0.22378 7.3459
0.0029668 10.51 3892.8 0.3142 678.74 3.6769 0.22425 7.3448
0.0029674 10.506 3911.9 0.31312 327.15 3.683 0.2238 7.3429
0.0029674 10.508 3911.5 0.31284 273.33 3.6879 0.22347 7.3426
0.0029675 10.505 3915.5 0.31391 664.13 3.6778 0.22422 7.3425
0.0029676 10.503 3916.8 0.30491 58.922 3.7341 0.22069 7.3421
0.0029676 10.504 3918.7 0.31374 514.96 3.6793 0.22398 7.3421
0.0029679 10.502 3927.6 0.31225 237.34 3.6887 0.22343 7.341
0.002968 10.502 3928.4 0.31351 468.8 3.6801 0.22394 7.3411
0.002968 10.502 3929.6 0.31381 602.03 3.6788 0.22399 7.341
0.0029681 10.501 3934.1 0.31349 474.68 3.6801 0.22391 7.3405
0.0029682 10.5 3937.2 0.31401 896.39 3.6765 0.22418 7.3401
0.0029688 10.497 3954.5 0.31172 208.78 3.6905 0.22322 7.3385
0.002969 10.496 3958.9 0.30615 69.844 3.7254 0.22109 7.3381
0.0029691 10.494 3964.2 0.31343 553.19 3.6798 0.22382 7.3375
0.0029692 10.494 3966 0.31337 872.22 3.6773 0.2244 7.3373
0.0029696 10.492 3980.3 0.31319 507.48 3.6808 0.22374 7.3361
0.0029697 10.49 3983 0.31371 985.46 3.6773 0.22396 7.3356
0.0029699 10.491 3988.3 0.31166 171.79 3.6949 0.22207 7.3352
0.0029699 10.491 3988.9 0.30953 141.02 3.6992 0.22317 7.335
0.00297 10.489 3991.7 0.3122 289.6 3.6865 0.22337 7.3347
0.0029701 10.487 3994 0.31981 996.29 3.6774 0.21767 7.3343
0.0029702 10.485 3997.3 0.31332 699.38 3.6794 0.22374 7.3338
0.0029705 10.486 4007.7 0.31326 699.47 3.6792 0.22379 7.3331
0.0029705 10.486 4008 0.31269 413.1 3.683 0.22354 7.3332
0.0029706 10.485 4010.1 0.31295 608.49 3.6802 0.22387 7.333
0.0029707 10.484 4013.2 0.31343 943.28 3.6782 0.22382 7.3325
0.0029707 10.484 4014.7 0.31293 511.8 3.6815 0.22357 7.3325
0.0029712 10.48 4028.6 0.31324 906.01 3.6785 0.22374 7.331
0.0029713 10.484 4031.9 0.31313 746.95 3.6792 0.22381 7.331
0.0029714 10.479 4037.2 0.31243 425.62 3.6835 0.22345 7.3302
0.0029715 10.478 4040.6 0.31325 539.26 3.6816 0.22301 7.3299
0.0029715 10.479 4038 0.31237 392.83 3.6838 0.2234 7.3309
0.0029716 10.479 4042.3 0.31311 821.61 3.6792 0.22369 7.3299
0.0029717 10.478 4044.6 0.31339 982.2 3.6785 0.22352 7.3296
0.0029721 10.475 4059.2 0.31161 282.27 3.6879 0.22309 7.3282
0.0029722 10.475 4060.9 0.31304 932.56 3.6792 0.22365 7.3282
0.0029723 10.474 4065.6 0.31276 627.98 3.6811 0.22345 7.3276
0.0029726 10.472 4075.6 0.3128 413.75 3.6846 0.22259 7.3269
0.0029726 10.472 4076.1 0.30995 164.95 3.6979 0.22247 7.3266
0.0029726 10.474 4074 0.29141 175.06 3.6922 0.24164 7.3277
0.0029727 10.471 4077.9 0.31 167.36 3.6979 0.22245 7.3264
0.0029728 10.47 4082.6 0.31118 264.04 3.6896 0.22301 7.3261
0.0029729 10.469 4084.6 0.29834 38.014 3.7719 0.21816 7.3257
0.002973 10.469 4086.7 0.31264 694.4 3.6812 0.22341 7.3256
0.002973 10.469 4087.8 0.31275 929.22 3.6799 0.22359 7.3255
0.0029732 10.468 4096.1 0.31222 511.12 3.6835 0.2233 7.3247
0.0029737 10.463 4111.5 0.30495 70.338 3.7284 0.22048 7.323
0.0029737 10.465 4111.7 0.31098 261.15 3.6904 0.22284 7.3232
0.0029739 10.463 4117 0.31092 337.22 3.6872 0.22355 7.3228
0.0029739 10.463 4118.8 0.31104 285.53 3.6894 0.22296 7.3226
0.0029739 10.465 4117.5 0.31223 904.32 3.6825 0.22366 7.3224
0.0029744 10.461 4132.8 0.31222 682.19 3.6821 0.22329 7.3213
0.0029747 10.459 4144.9 0.3117 421.73 3.6857 0.22295 7.3202
0.002975 10.458 4155.5 0.31229 910.7 3.6813 0.22329 7.3193
0.0029752 10.455 4161.9 0.31069 268.5 3.691 0.22264 7.3187
0.0029752 10.456 4159.9 0.31175 533.57 3.6845 0.22309 7.3188
0.0029752 10.456 4160 0.3117 445.52 3.6855 0.22289 7.319
0.0029754 10.454 4167.5 0.31022 197.94 3.6963 0.22194 7.3181
0.0029756 10.451 4175.2 0.30946 174.53 3.6986 0.22203 7.3172
0.0029756 10.454 4176 0.3102 221.65 3.6945 0.22235 7.3174
0.0029758 10.45 4180 0.31203 719.96 3.6836 0.22287 7.3159
0.0029758 10.451 4181.2 0.3119 709.29 3.683 0.22309 7.3169
0.0029758 10.451 4181.3 0.31144 463.48 3.6859 0.22293 7.3168
0.0029758 10.452 4181.6 0.30772 119.45 3.7086 0.22163 7.3169
0.002976 10.451 4188.7 0.3096 237.29 3.6932 0.22309 7.3165
0.0029762 10.449 4194.2 0.30518 81.148 3.7232 0.22089 7.3157
0.0029765 10.447 4205.1 0.31189 949.58 3.6823 0.22312 7.3147
0.0029766 10.446 4207.6 0.31114 458.96 3.6864 0.22293 7.3145
0.0029767 10.444 4210.6 0.3118 873.38 3.6826 0.223 7.314
0.0029767 10.446 4211.2 0.31174 801.16 3.683 0.22305 7.3143
0.0029768 10.443 4216.4 0.31145 611.56 3.6845 0.2229 7.3136
0.0029768 10.446 4214.3 0.31181 903.7 3.6828 0.22307 7.3141
0.0029769 10.443 4217.4 0.30118 50.927 3.7504 0.21887 7.3134
0.0029769 10.445 4217.8 0.31166 758.15 3.6835 0.223 7.3136
0.0029769 10.445 4219.6 0.31173 944.27 3.6822 0.22317 7.3139
0.002977 10.445 4220.8 0.30543 453.12 3.6864 0.22852 7.3133
0.0029771 10.441 4227.4 0.31117 517.15 3.6857 0.2228 7.3126
0.0029771 10.444 4225.8 0.31079 375.23 3.6885 0.22269 7.3129
0.0029773 10.441 4231.3 0.30792 133.2 3.7063 0.22152 7.3122
0.0029774 10.441 4236.8 0.31112 620.24 3.685 0.22307 7.312
0.0029775 10.441 4240 0.31125 198.45 3.6971 0.22019 7.3117
0.0029776 10.439 4243.6 0.30723 116.64 3.7106 0.22126 7.3114
0.0029777 10.439 4247.7 0.31169 902.04 3.6832 0.22281 7.311
0.0029783 10.435 4268.3 0.31153 923.09 3.6834 0.22278 7.3092
0.0029784 10.433 4272.5 0.31135 918.07 3.6836 0.22282 7.3086
0.0029785 10.434 4276.4 0.31095 569.37 3.6862 0.22271 7.3085
0.0029789 10.431 4288.6 0.31101 652.21 3.6857 0.22268 7.3074
0.0029789 10.432 4289.2 0.31152 603.52 3.686 0.22209 7.3075
0.0029791 10.431 4294.7 0.31093 548.24 3.6872 0.22248 7.307
0.0029792 10.43 4300.6 0.31116 981.49 3.684 0.22284 7.3065
0.0029795 10.428 4309.5 0.31058 425.03 3.689 0.22226 7.3058
0.0029795 10.428 4310.4 0.3103 401.67 3.6896 0.2224 7.3056
0.0029798 10.425 4322.1 0.30905 183.05 3.7007 0.2211 7.3045
0.0029801 10.421 4333.3 0.30872 227.67 3.6974 0.22206 7.303
0.0029803 10.421 4341 0.31084 655.84 3.6866 0.22226 7.3029
0.0029804 10.422 4344.2 0.30985 403.74 3.6902 0.22251 7.3028
0.0029805 10.421 4346.4 0.31057 626.18 3.6869 0.22249 7.3028
0.0029809 10.417 4362.7 0.30518 93.783 3.7212 0.22034 7.301
0.002981 10.418 4366 0.31017 492.07 3.689 0.22231 7.301
0.0029811 10.418 4367.7 0.30797 173.36 3.7028 0.22148 7.3008
0.0029811 10.418 4368.6 0.3083 204.3 3.6995 0.22184 7.3007
0.0029813 10.417 4375.3 0.30678 135.63 3.7087 0.22131 7.3002
0.0029815 10.415 4384 0.3102 574.89 3.6882 0.22233 7.2995
0.0029816 10.415 4386.1 0.30844 212.98 3.6992 0.22168 7.2993
0.0029817 10.412 4390.8 0.30891 319.65 3.6933 0.22237 7.2987
0.0029818 10.412 4394 0.30951 325.77 3.6933 0.2218 7.2986
0.0029819 10.412 4398.5 0.30772 174.24 3.7034 0.22141 7.2983
0.002982 10.412 4402.2 0.31057 973.29 3.6859 0.22235 7.2979
0.002982 10.413 4400.1 0.30996 944.67 3.6862 0.22296 7.2984
0.0029821 10.411 4406.1 0.31003 332.13 3.6934 0.22124 7.2977
0.0029822 10.41 4409.9 0.30692 154.12 3.7063 0.22151 7.2974
0.0029822 10.411 4408.8 0.30859 245.2 3.6973 0.2218 7.2975
0.0029822 10.411 4409.4 0.31035 824.06 3.6866 0.22238 7.2975
0.0029823 10.409 4414.1 0.30994 643.65 3.689 0.22235 7.2968
0.0029825 10.409 4422 0.31021 695.54 3.6877 0.22221 7.2965
0.0029827 10.413 4428.6 0.30987 640.35 3.6874 0.22262 7.2964
0.0029828 10.407 4430.4 0.31031 990.25 3.6864 0.22234 7.2957
0.0029828 10.407 4431.4 0.31024 838.44 3.6869 0.22226 7.2957
0.0029831 10.405 4443.3 0.30342 77.107 3.7304 0.21959 7.2947
0.0029832 10.404 4447.9 0.29201 30.349 3.8036 0.21582 7.2944
0.0029836 10.403 4460.8 0.30829 245.69 3.6982 0.22162 7.2933
0.0029837 10.399 4465.9 0.30989 879.39 3.687 0.22226 7.2932
0.0029839 10.4 4474.9 0.30863 253.72 3.698 0.22123 7.2923
0.002984 10.399 4478.7 0.30028 55.403 3.7499 0.21841 7.2918
0.0029841 10.398 4479.2 0.30925 444.11 3.6918 0.22186 7.2917
0.0029841 10.4 4480.4 0.31288 851.99 3.6879 0.21918 7.292
0.0029842 10.397 4485.8 0.30909 468.49 3.6909 0.22208 7.2913
0.0029844 10.398 4490.6 0.30831 291.85 3.6988 0.22168 7.2908
0.0029847 10.395 4505.3 0.30961 746.96 3.6891 0.22202 7.2899
0.0029848 10.394 4506.8 0.30935 538.87 3.6911 0.22186 7.2897
0.0029848 10.395 4506.5 0.30444 96.991 3.7221 0.22001 7.2898
0.0029848 10.395 4507.5 0.30956 659.88 3.6897 0.22193 7.2897
0.0029849 10.394 4509.9 0.30589 129.85 3.7125 0.2206 7.2895
0.002985 10.393 4515.7 0.30518 376.59 3.694 0.2253 7.289
0.0029851 10.393 4517.8 0.30961 827.01 3.6888 0.22204 7.2889
0.0029854 10.391 4531.3 0.30572 127.85 3.7133 0.22047 7.2878
0.0029854 10.391 4532.8 0.30897 467.17 3.6925 0.22176 7.2877
0.0029855 10.39 4536.6 0.30946 831.56 3.6889 0.22199 7.2874
0.0029856 10.388 4538 0.3093 696.27 3.6899 0.22189 7.2871
0.0029857 10.389 4541.2 0.30674 175.55 3.7055 0.22106 7.2871
0.0029858 10.388 4546.9 0.30803 278.55 3.698 0.2214 7.2867
0.002986 10.387 4556 0.30909 618.62 3.6911 0.22185 7.286
0.0029861 10.385 4556.9 0.30867 436.41 3.6934 0.22164 7.2856
0.0029864 10.385 4570.4 0.3094 988.61 3.6887 0.22191 7.2849
0.0029866 10.39 4577.6 0.30948 919.88 3.6886 0.22192 7.285
0.0029868 10.382 4585.2 0.30884 569.74 3.6919 0.2217 7.2837
0.0029869 10.379 4590.3 0.3089 758.19 3.6904 0.22188 7.2831
0.0029869 10.381 4590.1 0.3091 807.16 3.6901 0.22182 7.2834
0.0029869 10.382 4589.3 0.30879 555.77 3.6922 0.22168 7.2834
0.002987 10.381 4594.2 0.30783 788.91 3.6908 0.22302 7.2834
0.002987 10.381 4595.1 0.30878 582.94 3.692 0.22172 7.283
0.0029872 10.38 4602.6 0.3092 575.63 3.6924 0.2212 7.2825
0.0029872 10.38 4603.9 0.30917 957.88 3.6896 0.22181 7.2824
0.0029873 10.379 4607.6 0.30884 636.85 3.6916 0.22165 7.2821
0.0029874 10.377 4610.2 0.30166 78.092 3.733 0.21981 7.2816
0.0029875 10.377 4616.1 0.30587 153.27 3.7101 0.22056 7.2814
0.0029877 10.375 4621.3 0.30296 94.818 3.725 0.22018 7.2809
0.0029877 10.375 4623.5 0.30645 184.12 3.7061 0.22071 7.2807
0.0029877 10.376 4623.5 0.30806 369.03 3.6961 0.22136 7.2809
0.0029877 10.377 4621.8 0.30718 236.03 3.7023 0.22102 7.2811
0.002988 10.374 4635.3 0.30874 687.78 3.6917 0.22159 7.28
0.002988 10.375 4635.4 0.30895 938.72 3.6904 0.2217 7.28
0.0029881 10.374 4637.8 0.30907 692.85 3.6915 0.22126 7.2799
0.0029881 10.374 4638 0.30877 975.35 3.6902 0.22188 7.2799
0.0029881 10.374 4640.3 0.30625 176.94 3.7074 0.22066 7.2797
0.0029881 10.375 4639.7 0.30871 690.11 3.6919 0.22161 7.2799
0.0029883 10.372 4646.1 0.3088 856.54 3.6905 0.22167 7.2793
0.0029884 10.372 4651.8 0.30822 546.27 3.6934 0.22166 7.2789
0.0029887 10.37 4661.1 0.30796 412.34 3.6956 0.22132 7.278
0.0029887 10.372 4664.4 0.30721 262.29 3.701 0.22102 7.278
0.0029889 10.369 4670.4 0.30845 664.47 3.6925 0.22151 7.2775
0.0029893 10.368 4688.8 0.30855 892.89 3.6915 0.2216 7.2764
0.0029894 10.364 4693.3 0.30832 667.91 3.6929 0.22137 7.2756
0.0029896 10.365 4698.5 0.30669 236.31 3.7029 0.22084 7.2755
0.0029896 10.365 4700.9 0.30635 213.09 3.7048 0.22078 7.2754
0.0029897 10.364 4706 0.30788 684.18 3.6929 0.2218 7.2749
0.0029898 10.363 4710.1 0.30675 437.59 3.6964 0.22222 7.2748
0.0029898 10.364 4706.5 0.30858 909.2 3.6919 0.22137 7.2748
0.00299 10.362 4716.1 0.30832 945.74 3.6917 0.22161 7.2743
0.00299 10.362 4717 0.30835 828.62 3.6921 0.22144 7.2741
0.0029901 10.362 4719.2 0.30671 248.33 3.7026 0.22078 7.274
0.0029903 10.361 4728.3 0.30465 145.09 3.7133 0.22048 7.2734
0.0029903 10.363 4730.5 0.30842 899.64 3.6917 0.22144 7.2736
0.0029905 10.359 4736.4 0.30828 982.69 3.6918 0.22149 7.2728
0.0029905 10.359 4739.3 0.30698 297.27 3.7005 0.22086 7.2726
0.0029907 10.356 4746.4 0.30755 476.59 3.6961 0.22119 7.2719
0.0029909 10.355 4754.9 0.30804 778.24 3.6931 0.22129 7.2713
0.002991 10.356 4758.5 0.30761 489.8 3.6969 0.2211 7.2712
0.0029914 10.354 4776 0.30021 66.45 3.7441 0.21814 7.27
0.0029915 10.353 4781.6 0.30687 317.38 3.7004 0.22079 7.2696
0.0029916 10.353 4783.9 0.30703 348.24 3.6991 0.22087 7.2697
0.0029916 10.353 4785.7 0.30542 178.64 3.7095 0.22025 7.2694
0.0029922 10.349 4808.7 0.30574 203.66 3.7073 0.22029 7.2678
0.0029922 10.349 4810 0.30686 351 3.6998 0.22081 7.2678
0.0029925 10.347 4822.8 0.30701 409.78 3.6984 0.22087 7.2669
0.0029926 10.338 4825.9 0.30605 259.45 3.7035 0.2204 7.2657
0.0029926 10.346 4829.9 0.30766 901.27 3.6936 0.22124 7.2663
0.0029927 10.343 4834 0.30666 342.95 3.6998 0.2207 7.2658
0.002993 10.343 4847.3 0.30642 324.91 3.7015 0.2207 7.2652
0.0029932 10.342 4854.7 0.30717 555.01 3.6963 0.22096 7.2648
0.0029932 10.342 4856 0.30733 620.65 3.6956 0.22096 7.2645
0.0029933 10.34 4859.9 0.29819 63.819 3.7482 0.21888 7.2639
0.0029934 10.341 4863.6 0.29864 64.462 3.7471 0.21863 7.2641
0.0029938 10.34 4879 0.30723 623.91 3.6957 0.2209 7.2633
0.0029941 10.337 4893.2 0.3062 316.8 3.7022 0.22051 7.2621
0.0029941 10.337 4896 0.30713 632.78 3.6964 0.22083 7.262
0.0029941 10.337 4896 0.30736 918.11 3.6947 0.221 7.262
0.0029942 10.336 4899.4 0.30517 205.82 3.7086 0.22014 7.2617
0.0029944 10.335 4908.8 0.30596 315.15 3.7024 0.2206 7.2611
0.0029945 10.334 4912.9 0.30732 857.4 3.6952 0.22083 7.2609
0.0029946 10.333 4914.2 0.30684 535.77 3.6977 0.22067 7.2606
0.0029947 10.334 4922.9 0.30734 976.33 3.6943 0.22088 7.2602
0.0029947 10.334 4923 0.30724 842.92 3.6954 0.22083 7.2601
0.0029948 10.332 4927.5 0.30182 317.79 3.7025 0.22464 7.2598
0.0029948 10.333 4926.1 0.30224 105.45 3.726 0.21921 7.26
0.002995 10.332 4933.6 0.30709 656.97 3.697 0.2206 7.2595
0.002995 10.332 4934.8 0.30704 804.4 3.6962 0.22087 7.2597
0.002995 10.332 4935 0.30639 415.88 3.7005 0.22055 7.2595
0.002995 10.333 4935.8 0.307 865.75 3.6951 0.22102 7.2596
0.0029953 10.329 4948.2 0.30466 190.98 3.7105 0.21994 7.2586
0.0029954 10.329 4953.7 0.30671 574.8 3.6979 0.22065 7.2583
0.0029954 10.33 4952.8 0.30684 582.3 3.6981 0.22054 7.2582
0.0029954 10.33 4954.3 0.30601 293.47 3.7035 0.22008 7.2586
0.0029956 10.327 4959.3 0.30682 775.82 3.6963 0.22077 7.2577
0.0029957 10.326 4966.6 0.30664 873.51 3.696 0.22104 7.2572
0.0029958 10.325 4970.9 0.31246 369.03 3.701 0.21399 7.2572
0.0029958 10.326 4969.7 0.30512 238.28 3.7076 0.22009 7.257
0.0029959 10.326 4973.5 0.30662 654.87 3.6974 0.22075 7.257
0.002996 10.326 4981.8 0.30672 897.21 3.696 0.22093 7.2563