sim_distributions_R_4uM
4 1 26 260 1 12 18 1 1000 0.00075 1
1
4 0
4 1 26 260 1 12 18 .5 1000 0.00075 1
1
4 0
4 1 26 260 1 12 18 .05 1000 0.00075 1
1
4 0
4 1 26 260 1 12 18 .02 1000 0.00075 1
1
4 0
4 1 26 260 1 12 18 50 1000 0.00075 1
1
4 0
4 1 26 260 1 12 18 60 1000 0.00075 1
1
4 0
4 1 26 260 1 12 18 70 1000 0.00075 1
1
4 0
4 1 26 260 1 12 18 90 1000 0.00075 1
1
4 0
4 1 26 260 1 12 18 100 1000 0.00075 1
1
4 0
4 1 26 260 1 12 18 120 1000 0.00075 1
1
4 0
4 1 26 260 1 12 18 140 1000 0.00075 1
1
4 0
4 1 26 260 1 12 18 160 1000 0.00075 1
1
4 0
4 1 26 260 1 12 18 180 1000 0.00075 1
1
4 0
4 1 26 260 1 12 18 500 1000 0.00075 1
1
4 0
4 1 26 260 1 12 18 1000 1000 0.00075 1
1
4 0
4 1 26 260 1 12 18 10000 1000 0.00075 1
1
4 0